   -8.0000E+00     2.2359E-27     2.3552E-27     1.2102E-06     4.6869E-06     2.0234E-06     2.3435E-06     5.7189E+02     5.7189E+02
   -7.9000E+00     2.2359E-27     2.3552E-27     1.2043E-06     4.6185E-06     1.9939E-06     2.3093E-06     5.6631E+02     5.6631E+02
   -7.8000E+00     2.2359E-27     2.3552E-27     1.1367E-06     3.8831E-06     1.6764E-06     1.9415E-06     5.0447E+02     5.0447E+02
   -7.7000E+00     3.4075E-27     2.4295E-27     2.5333E-07     3.5474E-06     1.5315E-06     1.7737E-06     4.7497E+02     4.7497E+02
   -7.6000E+00     1.9811E-27     2.3428E-27     2.7729E-07     4.0645E-06     1.7547E-06     2.0323E-06     5.2007E+02     5.2007E+02
   -7.5000E+00     1.6806E-27     2.3116E-27     1.2209E-06     4.7272E-06     2.0408E-06     2.3636E-06     5.7516E+02     5.7516E+02
   -7.4000E+00     1.8109E-27     2.3440E-27     1.4412E-06     4.5575E-06     1.9676E-06     2.2788E-06     5.6131E+02     5.6131E+02
   -7.3000E+00     3.2102E-27     2.6413E-27     1.0841E-06     3.8128E-06     1.6461E-06     1.9064E-06     4.9837E+02     4.9837E+02
   -7.2000E+00     8.1987E-27     4.1695E-27     2.4705E-07     3.5647E-06     1.5389E-06     1.7823E-06     4.7650E+02     4.7650E+02
   -7.1000E+00     2.4289E-26     1.0710E-26     2.8287E-07     4.1466E-06     1.7902E-06     2.0733E-06     5.2704E+02     5.2704E+02
   -7.0000E+00     8.9051E-26     3.6629E-26     1.2922E-06     4.7571E-06     2.0537E-06     2.3785E-06     5.7758E+02     5.7758E+02
   -6.9000E+00     3.5013E-25     1.4467E-25     1.4251E-06     4.4895E-06     1.9382E-06     2.2447E-06     5.5571E+02     5.5571E+02
   -6.8000E+00     1.6007E-24     6.3891E-25     1.0124E-06     3.7487E-06     1.6184E-06     1.8744E-06     4.9277E+02     4.9277E+02
   -6.7000E+00     7.4178E-24     2.8807E-24     2.4662E-07     3.5919E-06     1.5507E-06     1.7959E-06     4.7893E+02     4.7893E+02
   -6.6000E+00     2.9260E-23     1.1578E-23     2.8851E-07     4.2292E-06     1.8258E-06     2.1146E-06     5.3402E+02     5.3402E+02
   -6.5000E+00     1.0310E-22     4.2392E-23     1.3445E-06     4.7760E-06     2.0619E-06     2.3880E-06     5.7912E+02     5.7912E+02
   -6.4000E+00     3.7728E-22     1.6002E-22     1.4037E-06     4.4157E-06     1.9064E-06     2.2078E-06     5.4961E+02     5.4961E+02
   -6.3000E+00     1.5696E-21     6.4737E-22     9.0062E-07     3.6918E-06     1.5939E-06     1.8459E-06     4.8777E+02     4.8777E+02
   -6.2000E+00     6.5007E-21     2.6239E-21     2.4791E-07     3.6287E-06     1.5666E-06     1.8144E-06     4.8220E+02     4.8220E+02
   -6.1000E+00     2.3162E-20     9.5411E-21     2.9408E-07     4.3108E-06     1.8611E-06     2.1554E-06     5.4087E+02     5.4087E+02
   -6.0000E+00     7.4991E-20     3.2128E-20     1.3847E-06     4.7837E-06     2.0652E-06     2.3918E-06     5.7973E+02     5.7973E+02
   -5.9000E+00     2.5332E-19     1.1150E-19     1.3773E-06     4.3376E-06     1.8726E-06     2.1688E-06     5.4310E+02     5.4310E+02
   -5.8000E+00     9.5547E-19     4.0967E-19     3.4897E-07     3.6430E-06     1.5728E-06     1.8215E-06     4.8346E+02     4.8346E+02
   -5.7000E+00     3.5374E-18     1.4913E-18     2.5080E-07     3.6746E-06     1.5864E-06     1.8373E-06     4.8626E+02     4.8626E+02
   -5.6000E+00     1.1410E-17     4.9132E-18     2.9949E-07     4.3901E-06     1.8953E-06     2.1950E-06     5.4748E+02     5.4748E+02
   -5.5000E+00     3.3987E-17     1.5222E-17     1.4151E-06     4.7798E-06     2.0636E-06     2.3899E-06     5.7942E+02     5.7942E+02
   -5.4000E+00     1.0587E-16     4.8523E-17     1.3460E-06     4.2565E-06     1.8376E-06     2.1283E-06     5.3632E+02     5.3632E+02
   -5.3000E+00     3.6149E-16     1.6181E-16     2.6950E-07     3.6031E-06     1.5555E-06     1.8016E-06     4.7992E+02     4.7992E+02
   -5.2000E+00     1.1975E-15     5.2969E-16     2.5448E-07     3.7289E-06     1.6099E-06     1.8645E-06     4.9103E+02     4.9103E+02
   -5.1000E+00     3.5008E-15     1.5839E-15     3.0463E-07     4.4655E-06     1.9278E-06     2.2327E-06     5.5373E+02     5.5373E+02
   -5.0000E+00     9.5311E-15     4.5108E-15     1.4371E-06     4.7646E-06     2.0570E-06     2.3823E-06     5.7819E+02     5.7819E+02
   -4.9000E+00     2.5718E-14     1.3095E-14     1.3102E-06     4.1741E-06     1.8020E-06     2.0870E-06     5.2937E+02     5.2937E+02
   -4.8000E+00     7.7531E-14     3.9496E-14     2.6675E-07     3.5726E-06     1.5424E-06     1.7863E-06     4.7721E+02     4.7721E+02
   -4.7000E+00     2.3075E-13     1.1648E-13     2.5867E-07     3.7907E-06     1.6365E-06     1.8954E-06     4.9644E+02     4.9644E+02
   -4.6000E+00     6.1853E-13     3.1711E-13     3.0941E-07     4.5356E-06     1.9581E-06     2.2678E-06     5.5951E+02     5.5951E+02
   -4.5000E+00     1.5691E-12     8.3201E-13     1.4512E-06     4.7383E-06     2.0456E-06     2.3691E-06     5.7606E+02     5.7606E+02
   -4.4000E+00     4.1293E-12     2.2299E-12     1.2698E-06     4.0917E-06     1.7665E-06     2.0458E-06     5.2238E+02     5.2238E+02
   -4.3000E+00     1.1467E-11     6.1152E-12     2.6250E-07     3.5520E-06     1.5335E-06     1.7760E-06     4.7538E+02     4.7538E+02
   -4.2000E+00     3.0665E-11     1.6274E-11     2.6331E-07     3.8591E-06     1.6660E-06     1.9295E-06     5.0239E+02     5.0239E+02
   -4.1000E+00     7.4751E-11     4.0338E-11     3.1466E-07     4.5991E-06     1.9855E-06     2.2995E-06     5.6472E+02     5.6472E+02
   -4.0000E+00     1.7444E-10     9.7238E-11     1.4572E-06     4.7014E-06     2.0297E-06     2.3507E-06     5.7307E+02     5.7307E+02
   -3.9000E+00     4.2136E-10     2.3860E-10     1.2266E-06     4.0108E-06     1.7316E-06     2.0054E-06     5.1548E+02     5.1548E+02
   -3.8000E+00     1.0585E-09     5.9375E-10     2.5648E-07     3.5417E-06     1.5290E-06     1.7708E-06     4.7445E+02     4.7445E+02
   -3.7000E+00     2.5478E-09     1.4283E-09     2.6832E-07     3.9328E-06     1.6979E-06     1.9664E-06     5.0877E+02     5.0877E+02
   -3.6000E+00     5.6560E-09     3.2275E-09     8.9384E-07     4.6547E-06     2.0095E-06     2.3273E-06     5.6927E+02     5.6927E+02
   -3.5000E+00     1.2136E-08     7.1428E-09     1.4559E-06     4.6547E-06     2.0095E-06     2.3273E-06     5.6926E+02     5.6926E+02
   -3.4000E+00     2.6869E-08     1.6031E-08     1.1786E-06     3.9328E-06     1.6979E-06     1.9664E-06     5.0877E+02     5.0877E+02
   -3.3000E+00     6.1053E-08     3.6208E-08     2.5157E-07     3.5417E-06     1.5290E-06     1.7708E-06     4.7445E+02     4.7445E+02
   -3.2000E+00     1.3253E-07     7.8878E-08     2.7362E-07     4.0108E-06     1.7316E-06     2.0054E-06     5.1548E+02     5.1548E+02
   -3.1000E+00     2.6826E-07     1.6268E-07     1.1483E-06     4.7014E-06     2.0297E-06     2.3507E-06     5.7307E+02     5.7307E+02
   -3.0000E+00     5.2890E-07     3.3024E-07     1.4481E-06     4.5990E-06     1.9855E-06     2.2995E-06     5.6472E+02     5.6472E+02
   -2.9000E+00     1.0719E-06     6.7729E-07     1.1236E-06     3.8590E-06     1.6660E-06     1.9295E-06     5.0239E+02     5.0239E+02
   -2.8000E+00     2.2047E-06     1.3895E-06     2.4809E-07     3.5520E-06     1.5335E-06     1.7760E-06     4.7538E+02     4.7538E+02
   -2.7000E+00     4.3288E-06     2.7476E-06     2.7913E-07     4.0917E-06     1.7665E-06     2.0459E-06     5.2238E+02     5.2238E+02
   -2.6000E+00     7.9938E-06     5.1789E-06     1.2462E-06     4.7383E-06     2.0456E-06     2.3692E-06     5.7606E+02     5.7606E+02
   -2.5000E+00     1.4485E-05     9.6373E-06     1.4183E-06     4.5356E-06     1.9581E-06     2.2678E-06     5.5951E+02     5.5951E+02
   -2.4000E+00     2.6881E-05     1.8045E-05     1.0483E-06     3.7907E-06     1.6365E-06     1.8954E-06     4.9644E+02     4.9644E+02
   -2.3000E+00     5.0052E-05     3.3620E-05     2.4581E-07     3.5726E-06     1.5424E-06     1.7863E-06     4.7721E+02     4.7721E+02
   -2.2000E+00     8.9043E-05     6.0439E-05     2.8475E-07     4.1741E-06     1.8021E-06     2.0870E-06     5.2937E+02     5.2937E+02
   -2.1000E+00     1.5024E-04     1.0418E-04     1.2873E-06     4.7646E-06     2.0570E-06     2.3823E-06     5.7819E+02     5.7819E+02
   -2.0000E+00     2.4945E-04     1.7674E-04     1.3041E-06     4.4654E-06     1.9278E-06     2.2327E-06     5.5373E+02     5.5373E+02
   -1.9000E+00     4.1725E-04     2.9851E-04     1.0166E-06     3.7289E-06     1.6099E-06     1.8645E-06     4.9103E+02     4.9103E+02
   -1.8000E+00     6.9141E-04     4.9910E-04     2.5828E-07     3.6031E-06     1.5555E-06     1.8016E-06     4.7992E+02     4.7992E+02
   -1.7000E+00     1.0995E-03     8.0911E-04     4.1174E-07     4.2565E-06     1.8376E-06     2.1283E-06     5.3632E+02     5.3632E+02
   -1.6000E+00     1.6735E-03     1.2602E-03     2.7091E-06     4.7798E-06     2.0636E-06     2.3899E-06     5.7942E+02     5.7942E+02
   -1.5000E+00     2.5183E-03     1.9403E-03     3.0063E-06     4.3901E-06     1.8953E-06     2.1950E-06     5.4748E+02     5.4748E+02
   -1.4000E+00     3.8379E-03     2.9974E-03     6.6227E-06     3.6746E-06     1.5864E-06     1.8373E-06     4.8625E+02     4.8625E+02
   -1.3000E+00     5.8102E-03     4.6126E-03     3.6004E-06     3.6431E-06     1.5728E-06     1.8215E-06     4.8346E+02     4.8346E+02
   -1.2000E+00     8.4542E-03     6.8674E-03     1.1745E-05     4.3376E-06     1.8726E-06     2.1688E-06     5.4311E+02     5.4311E+02
   -1.1000E+00     1.1841E-02     9.8567E-03     2.4060E-05     4.7837E-06     2.0652E-06     2.3918E-06     5.7973E+02     5.7973E+02
   -1.0000E+00     1.6445E-02     1.3991E-02     2.6550E-05     4.3108E-06     1.8611E-06     2.1554E-06     5.4087E+02     5.4087E+02
   -9.0000E-01     2.2984E-02     1.9844E-02     5.2736E-05     3.6287E-06     1.5666E-06     1.8144E-06     4.8220E+02     4.8220E+02
   -8.0000E-01     3.1625E-02     2.7829E-02     3.9768E-05     3.6918E-06     1.5939E-06     1.8459E-06     4.8777E+02     4.8777E+02
   -7.0000E-01     4.1842E-02     3.7645E-02     9.9134E-05     4.4157E-06     1.9064E-06     2.2078E-06     5.4961E+02     5.4961E+02
   -6.0000E-01     5.3493E-02     4.9048E-02     1.6959E-04     4.7760E-06     2.0619E-06     2.3880E-06     5.7912E+02     5.7912E+02
   -5.0000E-01     6.7641E-02     6.3135E-02     1.7490E-04     4.2291E-06     1.8258E-06     2.1146E-06     5.3402E+02     5.3402E+02
   -4.0000E-01     8.5469E-02     8.1078E-02     2.8089E-04     3.5919E-06     1.5507E-06     1.7959E-06     4.7893E+02     4.7893E+02
   -3.0000E-01     1.0581E-01     1.0261E-01     2.4943E-04     3.7487E-06     1.6184E-06     1.8744E-06     4.9277E+02     4.9277E+02
   -2.0000E-01     1.2641E-01     1.2586E-01     5.7177E-04     4.4895E-06     1.9382E-06     2.2447E-06     5.5571E+02     5.5571E+02
   -1.0000E-01     1.4728E-01     1.5022E-01     6.9855E-04     4.7571E-06     2.0537E-06     2.3785E-06     5.7758E+02     5.7758E+02
    0.0000E+00     1.7035E-01     1.7745E-01     7.4142E-04     4.1465E-06     1.7902E-06     2.0733E-06     5.2704E+02     5.2704E+02
    1.0000E-01     1.9557E-01     2.0847E-01     8.7390E-04     3.5646E-06     1.5389E-06     1.7823E-06     4.7650E+02     4.7650E+02
    2.0000E-01     2.2070E-01     2.4217E-01     7.0498E-04     3.8128E-06     1.6461E-06     1.9064E-06     4.9837E+02     4.9837E+02
    3.0000E-01     2.4127E-01     2.7304E-01     1.5721E-03     4.5575E-06     1.9676E-06     2.2788E-06     5.6131E+02     5.6131E+02
    4.0000E-01     2.5557E-01     2.9863E-01     1.5553E-03     4.7271E-06     2.0408E-06     2.3636E-06     5.7516E+02     5.7516E+02
    5.0000E-01     2.7042E-01     3.2482E-01     1.6246E-03     4.0645E-06     1.7547E-06     2.0322E-06     5.2007E+02     5.2007E+02
    6.0000E-01     2.8224E-01     3.5089E-01     1.4419E-03     3.5474E-06     1.5315E-06     1.7737E-06     4.7497E+02     4.7497E+02
    7.0000E-01     2.9190E-01     3.7876E-01     1.3489E-03     3.8831E-06     1.6764E-06     1.9415E-06     5.0447E+02     5.0447E+02
    8.0000E-01     2.9214E-01     3.8870E-01     4.0575E-03     4.6185E-06     1.9939E-06     2.3093E-06     5.6631E+02     5.6631E+02
    9.0000E-01     2.8778E-01     3.9326E-01     3.3197E-03     4.6869E-06     2.0234E-06     2.3434E-06     5.7189E+02     5.7189E+02
    1.0000E+00     2.8129E-01     3.9428E-01     3.5411E-03     3.9844E-06     1.7202E-06     1.9922E-06     5.1321E+02     5.1321E+02
    1.1000E+00     2.6927E-01     3.9079E-01     2.3186E-03     3.5405E-06     1.5285E-06     1.7703E-06     4.7435E+02     4.7435E+02
    1.2000E+00     2.5154E-01     3.8436E-01     1.7803E-03     3.9584E-06     1.7089E-06     1.9792E-06     5.1098E+02     5.1098E+02
    1.3000E+00     2.3080E-01     3.6654E-01     4.4258E-03     4.6713E-06     2.0167E-06     2.3357E-06     5.7062E+02     5.7062E+02
    1.4000E+00     2.0929E-01     3.4648E-01     2.8020E-03     4.6371E-06     2.0019E-06     2.3185E-06     5.6783E+02     5.6783E+02
    1.5000E+00     1.8916E-01     3.2506E-01     2.9415E-03     3.9077E-06     1.6870E-06     1.9539E-06     5.0660E+02     5.0660E+02
    1.6000E+00     1.6808E-01     3.0586E-01     1.4888E-03     3.5440E-06     1.5300E-06     1.7720E-06     4.7466E+02     4.7466E+02
    1.7000E+00     1.4401E-01     2.8148E-01     1.2222E-03     4.0375E-06     1.7431E-06     2.0188E-06     5.1776E+02     5.1776E+02
    1.8000E+00     1.2333E-01     2.5204E-01     4.8903E-03     4.7148E-06     2.0355E-06     2.3574E-06     5.7416E+02     5.7416E+02
    1.9000E+00     1.0317E-01     2.2255E-01     2.6078E-03     4.5787E-06     1.9767E-06     2.2893E-06     5.6305E+02     5.6305E+02
    2.0000E+00     8.6083E-02     1.9502E-01     2.7260E-03     3.8356E-06     1.6559E-06     1.9178E-06     5.0035E+02     5.0035E+02
    2.1000E+00     7.0665E-02     1.7382E-01     9.3133E-04     3.5578E-06     1.5360E-06     1.7789E-06     4.7589E+02     4.7589E+02
    2.2000E+00     5.6060E-02     1.5229E-01     6.9471E-04     4.1191E-06     1.7783E-06     2.0595E-06     5.2471E+02     5.2471E+02
    2.3000E+00     4.5482E-02     1.3155E-01     2.7920E-03     4.7483E-06     2.0499E-06     2.3741E-06     5.7687E+02     5.7687E+02
    2.4000E+00     3.5831E-02     1.1172E-01     1.5132E-03     4.5129E-06     1.9483E-06     2.2564E-06     5.5764E+02     5.5764E+02
    2.5000E+00     2.7812E-02     9.3583E-02     1.6329E-03     3.7693E-06     1.6273E-06     1.8847E-06     4.9457E+02     4.9457E+02
    2.6000E+00     2.1079E-02     7.9695E-02     3.5759E-04     3.5817E-06     1.5463E-06     1.7909E-06     4.7802E+02     4.7802E+02
    2.7000E+00     1.6063E-02     6.8889E-02     3.8244E-04     4.2016E-06     1.8139E-06     2.1008E-06     5.3170E+02     5.3170E+02
    2.8000E+00     1.2388E-02     5.8473E-02     8.5229E-04     4.7709E-06     2.0597E-06     2.3855E-06     5.7870E+02     5.7870E+02
    2.9000E+00     9.3844E-03     4.9298E-02     4.7343E-04     4.4408E-06     1.9172E-06     2.2204E-06     5.5169E+02     5.5169E+02
    3.0000E+00     7.1274E-03     4.0737E-02     1.0398E-03     3.7099E-06     1.6017E-06     1.8550E-06     4.8936E+02     4.8936E+02
    3.1000E+00     5.2608E-03     3.4880E-02     1.2302E-04     3.6154E-06     1.5609E-06     1.8077E-06     4.8101E+02     4.8101E+02
    3.2000E+00     3.9439E-03     2.9948E-02     2.0486E-04     4.2838E-06     1.8494E-06     2.1419E-06     5.3861E+02     5.3861E+02
    3.3000E+00     3.0215E-03     2.5941E-02     3.2050E-04     4.7824E-06     2.0647E-06     2.3912E-06     5.7963E+02     5.7963E+02
    3.4000E+00     2.3867E-03     2.3109E-02     2.6901E-05     4.3640E-06     1.8840E-06     2.1820E-06     5.4531E+02     5.4531E+02
    3.5000E+00     1.9516E-03     2.0218E-02     5.9045E-05     3.6584E-06     1.5794E-06     1.8292E-06     4.8482E+02     4.8482E+02
    3.6000E+00     1.5360E-03     1.7542E-02     4.6531E-06     3.6584E-06     1.5794E-06     1.8292E-06     4.8482E+02     4.8482E+02
    3.7000E+00     1.1828E-03     1.5194E-02     3.3865E-07     4.3640E-06     1.8840E-06     2.1820E-06     5.4531E+02     5.4531E+02
    3.8000E+00     9.1047E-04     1.3214E-02     1.3818E-06     4.7824E-06     2.0647E-06     2.3912E-06     5.7963E+02     5.7963E+02
    3.9000E+00     7.0955E-04     1.1573E-02     1.3492E-06     4.2838E-06     1.8494E-06     2.1419E-06     5.3861E+02     5.3861E+02
    4.0000E+00     5.6333E-04     1.0201E-02     1.2172E-06     3.6154E-06     1.5609E-06     1.8077E-06     4.8102E+02     4.8102E+02
    4.1000E+00     4.5432E-04     9.0417E-03     2.5666E-07     3.7099E-06     1.6017E-06     1.8550E-06     4.8936E+02     4.8936E+02
    4.2000E+00     3.7065E-04     8.0485E-03     3.0295E-07     4.4408E-06     1.9172E-06     2.2204E-06     5.5169E+02     5.5169E+02
    4.3000E+00     3.0527E-04     7.1928E-03     1.4280E-06     4.7709E-06     2.0597E-06     2.3855E-06     5.7870E+02     5.7870E+02
    4.4000E+00     2.5360E-04     6.4518E-03     1.3227E-06     4.2016E-06     1.8140E-06     2.1008E-06     5.3170E+02     5.3170E+02
    4.5000E+00     2.1238E-04     5.8073E-03     2.7081E-07     3.5817E-06     1.5463E-06     1.7909E-06     4.7802E+02     4.7802E+02
    4.6000E+00     1.7918E-04     5.2442E-03     2.5723E-07     3.7693E-06     1.6273E-06     1.8847E-06     4.9457E+02     4.9457E+02
    4.7000E+00     1.5218E-04     4.7497E-03     3.0786E-07     4.5129E-06     1.9483E-06     2.2564E-06     5.5764E+02     5.5764E+02
    4.8000E+00     1.3002E-04     4.3141E-03     1.4458E-06     4.7483E-06     2.0499E-06     2.3741E-06     5.7687E+02     5.7687E+02
    4.9000E+00     1.1169E-04     3.9285E-03     1.2831E-06     4.1191E-06     1.7783E-06     2.0595E-06     5.2471E+02     5.2471E+02
    5.0000E+00     9.6417E-05     3.5865E-03     2.6450E-07     3.5578E-06     1.5360E-06     1.7789E-06     4.7589E+02     4.7589E+02
    5.1000E+00     8.3605E-05     3.2815E-03     2.6172E-07     3.8356E-06     1.6559E-06     1.9178E-06     5.0035E+02     5.0035E+02
    5.2000E+00     7.2804E-05     3.0093E-03     3.1242E-07     4.5787E-06     1.9767E-06     2.2893E-06     5.6305E+02     5.6305E+02
    5.3000E+00     6.3639E-05     2.7651E-03     1.4554E-06     4.7149E-06     2.0355E-06     2.3574E-06     5.7416E+02     5.7416E+02
    5.4000E+00     5.5833E-05     2.5460E-03     1.2409E-06     4.0375E-06     1.7431E-06     2.0188E-06     5.1776E+02     5.1776E+02
    5.5000E+00     4.9145E-05     2.3484E-03     2.5859E-07     3.5440E-06     1.5300E-06     1.7720E-06     4.7466E+02     4.7466E+02
    5.6000E+00     4.3399E-05     2.1702E-03     2.6661E-07     3.9077E-06     1.6870E-06     1.9538E-06     5.0660E+02     5.0660E+02
    5.7000E+00     3.8435E-05     2.0086E-03     4.6505E-07     4.6371E-06     2.0019E-06     2.3185E-06     5.6783E+02     5.6783E+02
    5.8000E+00     3.4138E-05     1.8623E-03     1.4568E-06     4.6713E-06     2.0167E-06     2.3357E-06     5.7062E+02     5.7062E+02
    5.9000E+00     3.0400E-05     1.7291E-03     1.1949E-06     3.9584E-06     1.7089E-06     1.9792E-06     5.1098E+02     5.1098E+02
    6.0000E+00     2.7142E-05     1.6079E-03     2.5307E-07     3.5405E-06     1.5285E-06     1.7703E-06     4.7435E+02     4.7435E+02
    6.1000E+00     2.4289E-05     1.4972E-03     2.7182E-07     3.9844E-06     1.7202E-06     1.9922E-06     5.1321E+02     5.1321E+02
    6.2000E+00     2.1787E-05     1.3961E-03     1.0877E-06     4.6869E-06     2.0234E-06     2.3434E-06     5.7189E+02     5.7189E+02
    6.3000E+00     1.9584E-05     1.3034E-03     1.4517E-06     4.6185E-06     1.9939E-06     2.3093E-06     5.6631E+02     5.6631E+02
    6.4000E+00     1.7642E-05     1.2185E-03     1.1432E-06     3.8831E-06     1.6764E-06     1.9416E-06     5.0448E+02     5.0448E+02
    6.5000E+00     1.5923E-05     1.1404E-03     2.4922E-07     3.5474E-06     1.5315E-06     1.7737E-06     4.7497E+02     4.7497E+02
    6.6000E+00     1.4400E-05     1.0685E-03     2.7728E-07     4.0645E-06     1.7547E-06     2.0322E-06     5.2006E+02     5.2006E+02
    6.7000E+00     1.3045E-05     1.0021E-03     1.2201E-06     4.7271E-06     2.0408E-06     2.3636E-06     5.7516E+02     5.7516E+02
    6.8000E+00     1.1838E-05     9.4089E-04     1.4411E-06     4.5575E-06     1.9676E-06     2.2788E-06     5.6132E+02     5.6132E+02
    6.9000E+00     1.0761E-05     8.8417E-04     1.0839E-06     3.8128E-06     1.6461E-06     1.9064E-06     4.9837E+02     4.9837E+02
    7.0000E+00     9.7960E-06     8.3155E-04     2.4706E-07     3.5646E-06     1.5389E-06     1.7823E-06     4.7650E+02     4.7650E+02
    7.1000E+00     8.9306E-06     7.8264E-04     2.8287E-07     4.1465E-06     1.7902E-06     2.0733E-06     5.2704E+02     5.2704E+02
    7.2000E+00     8.1519E-06     7.3699E-04     1.2919E-06     4.7570E-06     2.0537E-06     2.3785E-06     5.7758E+02     5.7758E+02
    7.3000E+00     7.4500E-06     6.9432E-04     1.4251E-06     4.4895E-06     1.9382E-06     2.2447E-06     5.5572E+02     5.5572E+02
    7.4000E+00     6.8145E-06     6.5420E-04     1.0122E-06     3.7487E-06     1.6184E-06     1.8744E-06     4.9277E+02     4.9277E+02
    7.5000E+00     6.2384E-06     6.1641E-04     2.4662E-07     3.5919E-06     1.5507E-06     1.7959E-06     4.7892E+02     4.7892E+02
    7.6000E+00     5.7130E-06     5.8051E-04     2.8851E-07     4.2291E-06     1.8258E-06     2.1146E-06     5.3402E+02     5.3402E+02
    7.7000E+00     5.2331E-06     5.4633E-04     1.3443E-06     4.7760E-06     2.0619E-06     2.3880E-06     5.7911E+02     5.7911E+02
    7.8000E+00     4.7918E-06     5.1347E-04     1.4037E-06     4.4157E-06     1.9064E-06     2.2079E-06     5.4961E+02     5.4961E+02
    7.9000E+00     4.3851E-06     4.8180E-04     9.0044E-07     3.6919E-06     1.5939E-06     1.8459E-06     4.8777E+02     4.8777E+02
    8.0000E+00     4.0072E-06     4.5095E-04     2.4791E-07     3.6287E-06     1.5666E-06     1.8144E-06     4.8219E+02     4.8219E+02
    8.1000E+00     3.6553E-06     4.2082E-04     2.9408E-07     4.3108E-06     1.8611E-06     2.1554E-06     5.4087E+02     5.4087E+02
    8.2000E+00     3.3249E-06     3.9110E-04     1.3846E-06     4.7837E-06     2.0652E-06     2.3918E-06     5.7973E+02     5.7973E+02
    8.3000E+00     3.0137E-06     3.6174E-04     1.3773E-06     4.3376E-06     1.8726E-06     2.1688E-06     5.4311E+02     5.4311E+02
    8.4000E+00     2.7183E-06     3.3247E-04     3.4929E-07     3.6431E-06     1.5728E-06     1.8215E-06     4.8347E+02     4.8347E+02
    8.5000E+00     2.4377E-06     3.0336E-04     2.5080E-07     3.6746E-06     1.5864E-06     1.8373E-06     4.8625E+02     4.8625E+02
    8.6000E+00     2.1712E-06     2.7454E-04     2.9948E-07     4.3900E-06     1.8953E-06     2.1950E-06     5.4748E+02     5.4748E+02
    8.7000E+00     1.9219E-06     2.4667E-04     1.4151E-06     4.7798E-06     2.0636E-06     2.3899E-06     5.7942E+02     5.7942E+02
    8.8000E+00     1.6915E-06     2.2020E-04     1.3460E-06     4.2566E-06     1.8377E-06     2.1283E-06     5.3632E+02     5.3632E+02
    8.9000E+00     1.4784E-06     1.9507E-04     2.6950E-07     3.6031E-06     1.5556E-06     1.8016E-06     4.7993E+02     4.7993E+02
    9.0000E+00     1.2814E-06     1.7122E-04     2.5448E-07     3.7289E-06     1.6099E-06     1.8644E-06     4.9103E+02     4.9103E+02
    9.1000E+00     1.0995E-06     1.4866E-04     3.0463E-07     4.4654E-06     1.9278E-06     2.2327E-06     5.5373E+02     5.5373E+02
    9.2000E+00     9.3239E-07     1.2744E-04     1.4371E-06     4.7646E-06     2.0570E-06     2.3823E-06     5.7819E+02     5.7819E+02
    9.3000E+00     7.7992E-07     1.0766E-04     1.3102E-06     4.1741E-06     1.8021E-06     2.0871E-06     5.2937E+02     5.2937E+02
    9.4000E+00     6.4236E-07     8.9464E-05     2.6675E-07     3.5726E-06     1.5424E-06     1.7863E-06     4.7721E+02     4.7721E+02
    9.5000E+00     5.2008E-07     7.3015E-05     2.5867E-07     3.7907E-06     1.6365E-06     1.8953E-06     4.9644E+02     4.9644E+02
    9.6000E+00     4.1338E-07     5.8449E-05     3.0941E-07     4.5355E-06     1.9581E-06     2.2678E-06     5.5951E+02     5.5951E+02
    9.7000E+00     3.2228E-07     4.5857E-05     1.4512E-06     4.7383E-06     2.0456E-06     2.3692E-06     5.7606E+02     5.7606E+02
    9.8000E+00     2.4637E-07     3.5252E-05     1.2699E-06     4.0917E-06     1.7665E-06     2.0459E-06     5.2239E+02     5.2239E+02
    9.9000E+00     1.8468E-07     2.6560E-05     2.6250E-07     3.5521E-06     1.5335E-06     1.7760E-06     4.7538E+02     4.7538E+02
    1.0000E+01     1.3581E-07     1.9622E-05     2.6331E-07     3.8590E-06     1.6660E-06     1.9295E-06     5.0239E+02     5.0239E+02
    1.0100E+01     9.7996E-08     1.4220E-05     3.1465E-07     4.5990E-06     1.9855E-06     2.2995E-06     5.6472E+02     5.6472E+02
    1.0200E+01     6.9369E-08     1.0107E-05     1.4572E-06     4.7014E-06     2.0297E-06     2.3507E-06     5.7307E+02     5.7307E+02
    1.0300E+01     4.8128E-08     7.0403E-06     1.2266E-06     4.0108E-06     1.7316E-06     2.0054E-06     5.1548E+02     5.1548E+02
    1.0400E+01     3.2672E-08     4.7978E-06     2.5649E-07     3.5417E-06     1.5290E-06     1.7708E-06     4.7445E+02     4.7445E+02
    1.0500E+01     2.1654E-08     3.1920E-06     2.6832E-07     3.9328E-06     1.6979E-06     1.9664E-06     5.0877E+02     5.0877E+02
    1.0600E+01     1.3981E-08     2.0688E-06     8.9350E-07     4.6547E-06     2.0095E-06     2.3273E-06     5.6926E+02     5.6926E+02
    1.0700E+01     8.7778E-09     1.3041E-06     1.4560E-06     4.6547E-06     2.0095E-06     2.3274E-06     5.6927E+02     5.6927E+02
    1.0800E+01     5.3553E-09     7.9928E-07     1.1787E-06     3.9328E-06     1.6979E-06     1.9664E-06     5.0877E+02     5.0877E+02
    1.0900E+01     3.1770E-09     4.7696E-07     2.5158E-07     3.5417E-06     1.5290E-06     1.7708E-06     4.7445E+02     4.7445E+02
    1.1000E+01     1.8370E-09     2.7813E-07     2.7362E-07     4.0108E-06     1.7315E-06     2.0054E-06     5.1547E+02     5.1547E+02
    1.1100E+01     1.0397E-09     1.5953E-07     1.1483E-06     4.7014E-06     2.0297E-06     2.3507E-06     5.7307E+02     5.7307E+02
    1.1200E+01     5.8007E-10     9.0974E-08     1.4489E-06     4.5991E-06     1.9855E-06     2.2995E-06     5.6472E+02     5.6472E+02
    1.1300E+01     3.2271E-10     5.2478E-08     1.1247E-06     3.8591E-06     1.6661E-06     1.9295E-06     5.0239E+02     5.0239E+02
    1.1400E+01     1.8256E-10     3.1429E-08     2.4830E-07     3.5520E-06     1.5335E-06     1.7760E-06     4.7538E+02     4.7538E+02
    1.1500E+01     1.0820E-10     2.0186E-08     2.7913E-07     4.0917E-06     1.7665E-06     2.0458E-06     5.2238E+02     5.2238E+02
    1.1600E+01     6.9585E-11     1.4273E-08     1.2477E-06     4.7383E-06     2.0456E-06     2.3691E-06     5.7606E+02     5.7606E+02
    1.1700E+01     4.9684E-11     1.1148E-08     1.4364E-06     4.5356E-06     1.9581E-06     2.2678E-06     5.5951E+02     5.5951E+02
    1.1800E+01     3.9163E-11     9.4116E-09     1.0621E-06     3.7907E-06     1.6366E-06     1.8954E-06     4.9644E+02     4.9644E+02
    1.1900E+01     3.3128E-11     8.3299E-09     2.4672E-07     3.5726E-06     1.5424E-06     1.7863E-06     4.7721E+02     4.7721E+02
    1.2000E+01     2.9124E-11     7.5335E-09     2.8475E-07     4.1741E-06     1.8020E-06     2.0870E-06     5.2937E+02     5.2937E+02
    1.2100E+01     2.6011E-11     6.8531E-09     1.3112E-06     4.7646E-06     2.0570E-06     2.3823E-06     5.7819E+02     5.7819E+02
    1.2200E+01     2.3301E-11     6.2205E-09     1.4185E-06     4.4655E-06     1.9279E-06     2.2327E-06     5.5373E+02     5.5373E+02
    1.2300E+01     2.0839E-11     5.6231E-09     9.8316E-07     3.7289E-06     1.6099E-06     1.8645E-06     4.9103E+02     4.9103E+02
    1.2400E+01     1.8554E-11     5.0541E-09     2.4685E-07     3.6031E-06     1.5555E-06     1.8015E-06     4.7992E+02     4.7992E+02
    1.2500E+01     1.6404E-11     4.5076E-09     2.9037E-07     4.2565E-06     1.8376E-06     2.1283E-06     5.3632E+02     5.3632E+02
    1.2600E+01     1.4373E-11     3.9817E-09     1.3590E-06     4.7798E-06     2.0636E-06     2.3899E-06     5.7942E+02     5.7942E+02
    1.2700E+01     1.2456E-11     3.4772E-09     1.3954E-06     4.3901E-06     1.8953E-06     2.1950E-06     5.4748E+02     5.4748E+02
    1.2800E+01     1.0658E-11     2.9962E-09     8.2062E-07     3.6747E-06     1.5864E-06     1.8373E-06     4.8626E+02     4.8626E+02
    1.2900E+01     8.9852E-12     2.5424E-09     2.4872E-07     3.6430E-06     1.5728E-06     1.8215E-06     4.8346E+02     4.8346E+02
    1.3000E+01     7.4480E-12     2.1199E-09     2.9590E-07     4.3375E-06     1.8726E-06     2.1688E-06     5.4310E+02     5.4310E+02
    1.3100E+01     6.0576E-12     1.7334E-09     1.3958E-06     4.7837E-06     2.0652E-06     2.3918E-06     5.7973E+02     5.7973E+02
    1.3200E+01     4.8251E-12     1.3873E-09     1.3674E-06     4.3108E-06     1.8611E-06     2.1554E-06     5.4087E+02     5.4087E+02
    1.3300E+01     3.7583E-12     1.0852E-09     2.7341E-07     3.6287E-06     1.5666E-06     1.8144E-06     4.8220E+02     4.8220E+02
    1.3400E+01     2.8592E-12     8.2863E-10     2.5196E-07     3.6918E-06     1.5938E-06     1.8459E-06     4.8777E+02     4.8777E+02
    1.3500E+01     2.1233E-12     6.1738E-10     3.0123E-07     4.4157E-06     1.9063E-06     2.2078E-06     5.4961E+02     5.4961E+02
    1.3600E+01     1.5391E-12     4.4884E-10     1.4234E-06     4.7760E-06     2.0619E-06     2.3880E-06     5.7912E+02     5.7912E+02
    1.3700E+01     1.0897E-12     3.1861E-10     1.3346E-06     4.2292E-06     1.8258E-06     2.1146E-06     5.3402E+02     5.3402E+02
    1.3800E+01     7.5402E-13     2.2101E-10     2.6884E-07     3.5919E-06     1.5507E-06     1.7959E-06     4.7893E+02     4.7893E+02
    1.3900E+01     5.1000E-13     1.4984E-10     2.5582E-07     3.7487E-06     1.6184E-06     1.8743E-06     4.9277E+02     4.9277E+02
    1.4000E+01     3.3684E-13     9.9199E-11     3.0626E-07     4.4894E-06     1.9382E-06     2.2447E-06     5.5571E+02     5.5571E+02
    1.4100E+01     2.1664E-13     6.3948E-11     1.4426E-06     4.7571E-06     2.0537E-06     2.3785E-06     5.7758E+02     5.7758E+02
    1.4200E+01     1.3511E-13     3.9970E-11     1.2972E-06     4.1466E-06     1.7902E-06     2.0733E-06     5.2704E+02     5.2704E+02
    1.4300E+01     8.1250E-14     2.4087E-11     2.6547E-07     3.5647E-06     1.5389E-06     1.7823E-06     4.7650E+02     4.7650E+02
    1.4400E+01     4.6805E-14     1.3903E-11     2.6017E-07     3.8128E-06     1.6461E-06     1.9064E-06     4.9837E+02     4.9837E+02
    1.4500E+01     2.5665E-14     7.6364E-12     3.1091E-07     4.5575E-06     1.9676E-06     2.2787E-06     5.6131E+02     5.6131E+02
    1.4600E+01     1.3326E-14     3.9708E-12     1.4542E-06     4.7272E-06     2.0408E-06     2.3636E-06     5.7516E+02     5.7516E+02
    1.4700E+01     6.5350E-15     1.9496E-12     1.2557E-06     4.0645E-06     1.7548E-06     2.0323E-06     5.2007E+02     5.2007E+02
    1.4800E+01     3.0280E-15     9.0438E-13     2.6066E-07     3.5475E-06     1.5315E-06     1.7737E-06     4.7497E+02     4.7497E+02
    1.4900E+01     1.3275E-15     3.9693E-13     2.6494E-07     3.8831E-06     1.6764E-06     1.9415E-06     5.0447E+02     5.0447E+02
    1.5000E+01     5.4946E-16     1.6448E-13     3.2694E-07     4.6185E-06     1.9939E-06     2.3092E-06     5.6631E+02     5.6631E+02
    1.5100E+01     2.1199E-16     6.3537E-14     1.4575E-06     4.6869E-06     2.0235E-06     2.3435E-06     5.7189E+02     5.7189E+02
    1.5200E+01     7.4054E-17     2.2225E-14     1.2113E-06     3.9845E-06     1.7202E-06     1.9922E-06     5.1322E+02     5.1322E+02
    1.5300E+01     2.2258E-17     6.6882E-15     2.5467E-07     3.5405E-06     1.5285E-06     1.7703E-06     4.7435E+02     4.7435E+02
    1.5400E+01     5.3136E-18     1.5981E-15     2.7005E-07     3.9584E-06     1.7089E-06     1.9792E-06     5.1097E+02     5.1097E+02
    1.5500E+01     8.9731E-19     2.7003E-16     9.8888E-07     4.6713E-06     2.0167E-06     2.3356E-06     5.7062E+02     5.7062E+02
    1.5600E+01     9.2234E-20     2.7764E-17     1.4542E-06     4.6371E-06     2.0020E-06     2.3186E-06     5.6783E+02     5.6783E+02
    1.5700E+01     4.8647E-21     1.4646E-18     1.1615E-06     3.9077E-06     1.6871E-06     1.9539E-06     5.0661E+02     5.0661E+02
    1.5800E+01     1.1112E-22     3.3455E-20     2.5030E-07     3.5440E-06     1.5300E-06     1.7720E-06     4.7466E+02     4.7466E+02
    1.5900E+01     9.6251E-25     2.8960E-22     2.7544E-07     4.0375E-06     1.7431E-06     2.0187E-06     5.1776E+02     5.1776E+02
    1.6000E+01     9.6841E-27     2.8517E-24     1.1889E-06     4.7148E-06     2.0355E-06     2.3574E-06     5.7416E+02     5.7416E+02
    1.6100E+01     4.1345E-27     1.1951E-24     1.4453E-06     4.5787E-06     1.9767E-06     2.2894E-06     5.6305E+02     5.6305E+02
    1.6200E+01     3.4878E-27     8.2074E-25     1.1050E-06     3.8356E-06     1.6559E-06     1.9178E-06     5.0036E+02     5.0036E+02
    1.6300E+01     3.6022E-27     5.5936E-25     2.4758E-07     3.5578E-06     1.5360E-06     1.7789E-06     4.7589E+02     4.7589E+02
    1.6400E+01     1.4512E-27     3.4498E-25     2.8100E-07     4.1190E-06     1.7783E-06     2.0595E-06     5.2471E+02     5.2471E+02
    1.6500E+01     6.4247E-28     1.7923E-25     1.2711E-06     4.7483E-06     2.0499E-06     2.3741E-06     5.7687E+02     5.7687E+02
    1.6600E+01     3.1482E-28     6.7101E-26     1.4310E-06     4.5129E-06     1.9483E-06     2.2564E-06     5.5764E+02     5.5764E+02
    1.6700E+01     9.2501E-28     1.3189E-26     1.0384E-06     3.7694E-06     1.6273E-06     1.8847E-06     4.9458E+02     4.9458E+02
    1.6800E+01     1.6005E-27     1.0379E-27     2.4657E-07     3.5817E-06     1.5463E-06     1.7908E-06     4.7802E+02     4.7802E+02
    1.6900E+01     2.3290E-28     4.2623E-29     2.8663E-07     4.2016E-06     1.8139E-06     2.1008E-06     5.3170E+02     5.3170E+02
    1.7000E+01     4.3302E-29     6.5769E-30     1.3285E-06     4.7709E-06     2.0597E-06     2.3855E-06     5.7870E+02     5.7870E+02
    1.7100E+01     1.1375E-28     8.0458E-30     1.4114E-06     4.4409E-06     1.9172E-06     2.2204E-06     5.5170E+02     5.5170E+02
    1.7200E+01     1.0627E-27     6.4344E-29     9.4812E-07     3.7100E-06     1.6017E-06     1.8550E-06     4.8937E+02     4.8937E+02
    1.7300E+01     1.4345E-27     8.6493E-29     2.4729E-07     3.6154E-06     1.5608E-06     1.8077E-06     4.8101E+02     4.8101E+02
    1.7400E+01     1.8178E-28     1.0959E-29     2.9223E-07     4.2837E-06     1.8494E-06     2.1419E-06     5.3860E+02     5.3860E+02
    1.7500E+01     4.1879E-29     2.5262E-30     1.3724E-06     4.7824E-06     2.0647E-06     2.3912E-06     5.7963E+02     5.7963E+02
    1.7600E+01     1.4294E-28     8.6166E-30     1.3866E-06     4.3640E-06     1.8841E-06     2.1820E-06     5.4531E+02     5.4531E+02
    1.7700E+01     1.2511E-27     7.5405E-29     7.2868E-07     3.6584E-06     1.5794E-06     1.8292E-06     4.8482E+02     4.8482E+02
    1.7800E+01     1.2514E-27     7.5417E-29     2.4970E-07     3.6583E-06     1.5794E-06     1.8292E-06     4.8482E+02     4.8482E+02
    1.7900E+01     1.4298E-28     8.6173E-30     2.9770E-07     4.3640E-06     1.8840E-06     2.1820E-06     5.4531E+02     5.4531E+02
    1.8000E+01     4.1879E-29     2.5240E-30     1.4060E-06     4.7824E-06     2.0647E-06     2.3912E-06     5.7963E+02     5.7963E+02
    1.8100E+01     1.8172E-28     1.0952E-29     1.3570E-06     4.2838E-06     1.8494E-06     2.1419E-06     5.3861E+02     5.3861E+02
    1.8200E+01     1.4343E-27     8.6444E-29     2.6990E-07     3.6154E-06     1.5609E-06     1.8077E-06     4.8102E+02     4.8102E+02
    1.8300E+01     1.0629E-27     6.4057E-29     2.5319E-07     3.7099E-06     1.6017E-06     1.8550E-06     4.8936E+02     4.8936E+02
    1.8400E+01     1.1377E-28     6.8569E-30     3.0295E-07     4.4408E-06     1.9172E-06     2.2204E-06     5.5169E+02     5.5169E+02
    1.8500E+01     4.3286E-29     2.6088E-30     1.4307E-06     4.7710E-06     2.0597E-06     2.3855E-06     5.7871E+02     5.7871E+02
    1.8600E+01     2.3274E-28     1.4027E-29     1.3227E-06     4.2017E-06     1.8140E-06     2.1008E-06     5.3170E+02     5.3170E+02
    1.8700E+01     1.1125E-23     3.1073E-24     2.6790E-07     3.5817E-06     1.5463E-06     1.7909E-06     4.7802E+02     4.7802E+02
    1.8800E+01     1.7007E-22     5.1579E-23     2.5722E-07     3.7693E-06     1.6273E-06     1.8846E-06     4.9457E+02     4.9457E+02
    1.8900E+01     1.0614E-21     3.6345E-22     3.0786E-07     4.5128E-06     1.9483E-06     2.2564E-06     5.5764E+02     5.5764E+02
    1.9000E+01     4.3084E-21     1.7125E-21     1.4474E-06     4.7483E-06     2.0500E-06     2.3741E-06     5.7687E+02     5.7687E+02
    1.9100E+01     1.3792E-20     6.3323E-21     1.2838E-06     4.1191E-06     1.7783E-06     2.0596E-06     5.2471E+02     5.2471E+02
    1.9200E+01     3.5332E-20     1.8653E-20     2.6406E-07     3.5578E-06     1.5360E-06     1.7789E-06     4.7589E+02     4.7589E+02
    1.9300E+01     7.1119E-20     4.3852E-20     2.6172E-07     3.8356E-06     1.6559E-06     1.9178E-06     5.0035E+02     5.0035E+02
    1.9400E+01     1.1708E-19     8.5871E-20     3.1242E-07     4.5787E-06     1.9767E-06     2.2893E-06     5.6305E+02     5.6305E+02
    1.9500E+01     1.6897E-19     1.4824E-19     1.4561E-06     4.7149E-06     2.0355E-06     2.3574E-06     5.7416E+02     5.7416E+02
    1.9600E+01     2.2733E-19     2.3596E-19     1.2414E-06     4.0376E-06     1.7431E-06     2.0188E-06     5.1777E+02     5.1777E+02
    1.9700E+01     2.9084E-19     3.5257E-19     2.5849E-07     3.5440E-06     1.5300E-06     1.7720E-06     4.7466E+02     4.7466E+02
    1.9800E+01     3.5577E-19     4.9748E-19     2.6661E-07     3.9077E-06     1.6870E-06     1.9538E-06     5.0660E+02     5.0660E+02
    1.9900E+01     4.1757E-19     6.6554E-19     4.6458E-07     4.6370E-06     2.0019E-06     2.3185E-06     5.6783E+02     5.6783E+02
    2.0000E+01     4.7438E-19     8.4849E-19     1.4571E-06     4.6713E-06     2.0167E-06     2.3357E-06     5.7062E+02     5.7062E+02
    2.0100E+01     5.2740E-19     1.0383E-18     1.1953E-06     3.9585E-06     1.7090E-06     1.9792E-06     5.1098E+02     5.1098E+02
    2.0200E+01     5.7299E-19     1.2205E-18     2.5303E-07     3.5405E-06     1.5285E-06     1.7703E-06     4.7435E+02     4.7435E+02
    2.0300E+01     6.0907E-19     1.3899E-18     2.7182E-07     3.9844E-06     1.7201E-06     1.9922E-06     5.1321E+02     5.1321E+02
    2.0400E+01     6.3778E-19     1.5621E-18     1.0893E-06     4.6869E-06     2.0234E-06     2.3434E-06     5.7189E+02     5.7189E+02
    2.0500E+01     6.6780E-19     1.7719E-18     1.4518E-06     4.6186E-06     1.9939E-06     2.3093E-06     5.6632E+02     5.6632E+02
    2.0600E+01     7.0668E-19     2.0424E-18     1.1435E-06     3.8831E-06     1.6764E-06     1.9416E-06     5.0448E+02     5.0448E+02
    2.0700E+01     7.4393E-19     2.3159E-18     2.4921E-07     3.5474E-06     1.5315E-06     1.7737E-06     4.7497E+02     4.7497E+02
    2.0800E+01     7.7675E-19     2.5953E-18     2.7728E-07     4.0644E-06     1.7547E-06     2.0322E-06     5.2006E+02     5.2006E+02
    2.0900E+01     8.0663E-19     2.9021E-18     1.2208E-06     4.7271E-06     2.0408E-06     2.3636E-06     5.7516E+02     5.7516E+02
    2.1000E+01     8.4060E-19     3.2810E-18     1.4412E-06     4.5576E-06     1.9676E-06     2.2788E-06     5.6132E+02     5.6132E+02
    2.1100E+01     8.7495E-19     3.7035E-18     1.0842E-06     3.8129E-06     1.6461E-06     1.9064E-06     4.9837E+02     4.9837E+02
    2.1200E+01     8.9836E-19     4.0964E-18     2.4705E-07     3.5646E-06     1.5389E-06     1.7823E-06     4.7650E+02     4.7650E+02
    2.1300E+01     9.1585E-19     4.5145E-18     2.8287E-07     4.1465E-06     1.7901E-06     2.0732E-06     5.2704E+02     5.2704E+02
    2.1400E+01     9.3305E-19     4.9920E-18     1.2921E-06     4.7570E-06     2.0537E-06     2.3785E-06     5.7758E+02     5.7758E+02
    2.1500E+01     9.5538E-19     5.5438E-18     1.4251E-06     4.4895E-06     1.9382E-06     2.2448E-06     5.5572E+02     5.5572E+02
    2.1600E+01     9.8007E-19     6.0769E-18     1.0125E-06     3.7488E-06     1.6184E-06     1.8744E-06     4.9277E+02     4.9277E+02
    2.1700E+01     1.0057E-18     6.5893E-18     2.4662E-07     3.5919E-06     1.5507E-06     1.7959E-06     4.7892E+02     4.7892E+02
    2.1800E+01     1.0316E-18     7.1717E-18     2.8850E-07     4.2291E-06     1.8258E-06     2.1145E-06     5.3401E+02     5.3401E+02
    2.1900E+01     1.0618E-18     7.8541E-18     1.3444E-06     4.7760E-06     2.0619E-06     2.3880E-06     5.7911E+02     5.7911E+02
    2.2000E+01     1.0961E-18     8.5768E-18     1.4037E-06     4.4158E-06     1.9064E-06     2.2079E-06     5.4961E+02     5.4961E+02
    2.2100E+01     1.1285E-18     9.2446E-18     9.0078E-07     3.6919E-06     1.5939E-06     1.8459E-06     4.8777E+02     4.8777E+02
    2.2200E+01     1.1612E-18     9.9610E-18     2.4791E-07     3.6287E-06     1.5666E-06     1.8143E-06     4.8219E+02     4.8219E+02
    2.2300E+01     1.2010E-18     1.0823E-17     2.9407E-07     4.3108E-06     1.8611E-06     2.1554E-06     5.4087E+02     5.4087E+02
    2.2400E+01     1.2429E-18     1.1771E-17     1.3846E-06     4.7837E-06     2.0652E-06     2.3918E-06     5.7973E+02     5.7973E+02
    2.2500E+01     1.2720E-18     1.2603E-17     1.3773E-06     4.3376E-06     1.8727E-06     2.1688E-06     5.4311E+02     5.4311E+02
    2.2600E+01     1.2978E-18     1.3460E-17     3.4959E-07     3.6431E-06     1.5728E-06     1.8215E-06     4.8347E+02     4.8347E+02
    2.2700E+01     1.3277E-18     1.4492E-17     2.5080E-07     3.6746E-06     1.5864E-06     1.8373E-06     4.8625E+02     4.8625E+02
    2.2800E+01     1.3511E-18     1.5589E-17     2.9948E-07     4.3900E-06     1.8953E-06     2.1950E-06     5.4748E+02     5.4748E+02
    2.2900E+01     1.3635E-18     1.6652E-17     1.4151E-06     4.7799E-06     2.0636E-06     2.3899E-06     5.7942E+02     5.7942E+02
    2.3000E+01     1.3708E-18     1.7675E-17     1.3461E-06     4.2566E-06     1.8377E-06     2.1283E-06     5.3633E+02     5.3633E+02
    2.3100E+01     1.3788E-18     1.8802E-17     2.6950E-07     3.6031E-06     1.5556E-06     1.8016E-06     4.7993E+02     4.7993E+02
    2.3200E+01     1.3904E-18     2.0055E-17     2.5447E-07     3.7289E-06     1.6098E-06     1.8644E-06     4.9103E+02     4.9103E+02
    2.3300E+01     1.4057E-18     2.1364E-17     3.0463E-07     4.4654E-06     1.9278E-06     2.2327E-06     5.5373E+02     5.5373E+02
    2.3400E+01     1.4178E-18     2.2501E-17     1.4371E-06     4.7647E-06     2.0570E-06     2.3823E-06     5.7820E+02     5.7820E+02
    2.3500E+01     1.4399E-18     2.3717E-17     1.3102E-06     4.1742E-06     1.8021E-06     2.0871E-06     5.2938E+02     5.2938E+02
    2.3600E+01     1.4851E-18     2.5279E-17     2.6676E-07     3.5727E-06     1.5424E-06     1.7863E-06     4.7722E+02     4.7722E+02
    2.3700E+01     1.5356E-18     2.6870E-17     2.5867E-07     3.7907E-06     1.6365E-06     1.8953E-06     4.9644E+02     4.9644E+02
    2.3800E+01     1.5767E-18     2.8252E-17     3.0941E-07     4.5355E-06     1.9581E-06     2.2678E-06     5.5951E+02     5.5951E+02
    2.3900E+01     1.6184E-18     2.9705E-17     1.4512E-06     4.7384E-06     2.0457E-06     2.3692E-06     5.7607E+02     5.7607E+02
    2.4000E+01     1.6721E-18     3.1527E-17     1.2699E-06     4.0918E-06     1.7665E-06     2.0459E-06     5.2239E+02     5.2239E+02
    2.4100E+01     1.7276E-18     3.3360E-17     2.6251E-07     3.5521E-06     1.5335E-06     1.7761E-06     4.7539E+02     4.7539E+02
    2.4200E+01     1.7794E-18     3.5068E-17     2.6331E-07     3.8591E-06     1.6661E-06     1.9295E-06     5.0239E+02     5.0239E+02
    2.4300E+01     1.8238E-18     3.6805E-17     3.1465E-07     4.5991E-06     1.9855E-06     2.2996E-06     5.6472E+02     5.6472E+02
    2.4400E+01     1.8622E-18     3.8827E-17     1.4572E-06     4.7016E-06     2.0298E-06     2.3508E-06     5.7308E+02     5.7308E+02
    2.4500E+01     1.9033E-18     4.0956E-17     1.2267E-06     4.0110E-06     1.7317E-06     2.0055E-06     5.1549E+02     5.1549E+02
    2.4600E+01     1.9440E-18     4.2894E-17     2.5650E-07     3.5419E-06     1.5291E-06     1.7709E-06     4.7447E+02     4.7447E+02
    2.4700E+01     1.9723E-18     4.4684E-17     2.6833E-07     3.9330E-06     1.6980E-06     1.9665E-06     5.0879E+02     5.0879E+02
    2.4800E+01     1.9927E-18     4.6836E-17     8.9266E-07     4.6549E-06     2.0096E-06     2.3275E-06     5.6928E+02     5.6928E+02
    2.4900E+01     2.0065E-18     4.9170E-17     1.4560E-06     4.6550E-06     2.0097E-06     2.3275E-06     5.6929E+02     5.6929E+02
    2.5000E+01     2.0161E-18     5.1215E-17     1.1788E-06     3.9332E-06     1.6981E-06     1.9666E-06     5.0881E+02     5.0881E+02
    2.5100E+01     2.0225E-18     5.3266E-17     2.5160E-07     3.5421E-06     1.5292E-06     1.7710E-06     4.7449E+02     4.7449E+02
    2.5200E+01     2.0334E-18     5.5804E-17     2.7365E-07     4.0113E-06     1.7318E-06     2.0056E-06     5.1552E+02     5.1552E+02
    2.5300E+01     2.0424E-18     5.8331E-17     1.1482E-06     4.7020E-06     2.0300E-06     2.3510E-06     5.7312E+02     5.7312E+02
    2.5400E+01     2.0536E-18     6.0481E-17     1.4490E-06     4.5999E-06     1.9859E-06     2.2999E-06     5.6479E+02     5.6479E+02
    2.5500E+01     2.0728E-18     6.2824E-17     1.1248E-06     3.8600E-06     1.6665E-06     1.9300E-06     5.0247E+02     5.0247E+02
    2.5600E+01     2.0963E-18     6.5612E-17     2.4837E-07     3.5531E-06     1.5339E-06     1.7765E-06     4.7547E+02     4.7547E+02
    2.5700E+01     2.1164E-18     6.8210E-17     2.7922E-07     4.0929E-06     1.7670E-06     2.0465E-06     5.2249E+02     5.2249E+02
    2.5800E+01     2.1282E-18     7.0478E-17     1.2478E-06     4.7399E-06     2.0463E-06     2.3700E-06     5.7619E+02     5.7619E+02
    2.5900E+01     2.1443E-18     7.3107E-17     1.4368E-06     4.5376E-06     1.9590E-06     2.2688E-06     5.5968E+02     5.5968E+02
    2.6000E+01     2.1748E-18     7.6244E-17     1.0624E-06     3.7930E-06     1.6375E-06     1.8965E-06     4.9664E+02     4.9664E+02
    2.6100E+01     2.2118E-18     7.9056E-17     2.4688E-07     3.5752E-06     1.5435E-06     1.7876E-06     4.7744E+02     4.7744E+02
    2.6200E+01     2.2405E-18     8.1464E-17     2.8497E-07     4.1773E-06     1.8035E-06     2.0887E-06     5.2965E+02     5.2965E+02
    2.6300E+01     2.2715E-18     8.4445E-17     1.3117E-06     4.7688E-06     2.0588E-06     2.3844E-06     5.7853E+02     5.7853E+02
    2.6400E+01     2.3127E-18     8.7959E-17     1.4195E-06     4.4704E-06     1.9300E-06     2.2352E-06     5.5414E+02     5.5414E+02
    2.6500E+01     2.3467E-18     9.0828E-17     9.8344E-07     3.7345E-06     1.6123E-06     1.8673E-06     4.9152E+02     4.9152E+02
    2.6600E+01     2.3709E-18     9.3305E-17     2.4728E-07     3.6097E-06     1.5584E-06     1.8048E-06     4.8051E+02     4.8051E+02
    2.6700E+01     2.4024E-18     9.6572E-17     2.9094E-07     4.2649E-06     1.8412E-06     2.1324E-06     5.3702E+02     5.3702E+02
    2.6800E+01     2.4354E-18     1.0046E-16     1.3606E-06     4.7903E-06     2.0681E-06     2.3952E-06     5.8027E+02     5.8027E+02
    2.6900E+01     2.4535E-18     1.0392E-16     1.3979E-06     4.4024E-06     1.9006E-06     2.2012E-06     5.4850E+02     5.4850E+02
    2.7000E+01     2.4625E-18     1.0696E-16     8.1376E-07     3.6886E-06     1.5924E-06     1.8443E-06     4.8748E+02     4.8748E+02
    2.7100E+01     2.4823E-18     1.1069E-16     2.4985E-07     3.6597E-06     1.5800E-06     1.8298E-06     4.8493E+02     4.8493E+02
    2.7200E+01     2.5117E-18     1.1554E-16     2.9735E-07     4.3587E-06     1.8818E-06     2.1794E-06     5.4487E+02     5.4487E+02
    2.7300E+01     2.5408E-18     1.2062E-16     1.4001E-06     4.8100E-06     2.0766E-06     2.4050E-06     5.8186E+02     5.8186E+02
    2.7400E+01     2.5628E-18     1.2483E-16     1.3734E-06     4.3415E-06     1.8743E-06     2.1707E-06     5.4343E+02     5.4343E+02
    2.7500E+01     2.5906E-18     1.2882E-16     2.7398E-07     3.6635E-06     1.5816E-06     1.8318E-06     4.8527E+02     4.8527E+02
    2.7600E+01     2.6374E-18     1.3373E-16     2.5482E-07     3.7338E-06     1.6120E-06     1.8669E-06     4.9146E+02     4.9146E+02
    2.7700E+01     2.6823E-18     1.3860E-16     3.0489E-07     4.4693E-06     1.9295E-06     2.2346E-06     5.5405E+02     5.5405E+02
    2.7800E+01     2.7007E-18     1.4150E-16     1.4348E-06     4.8423E-06     2.0905E-06     2.4211E-06     5.8446E+02     5.8446E+02
    2.7900E+01     2.7124E-18     1.4387E-16     1.3492E-06     4.3057E-06     1.8589E-06     2.1529E-06     5.4044E+02     5.4044E+02
    2.8000E+01     2.7334E-18     1.4699E-16     2.7410E-07     3.6791E-06     1.5884E-06     1.8395E-06     4.8665E+02     4.8665E+02
    2.8100E+01     2.7558E-18     1.4952E-16     2.6306E-07     3.8551E-06     1.6643E-06     1.9275E-06     5.0204E+02     5.0204E+02
    2.8200E+01     2.7680E-18     1.5034E-16     3.1553E-07     4.6253E-06     1.9968E-06     2.3126E-06     5.6687E+02     5.6687E+02
    2.8300E+01     2.7750E-18     1.5108E-16     1.4725E-06     4.9238E-06     2.1257E-06     2.4619E-06     5.9100E+02     5.9100E+02
    2.8400E+01     2.7860E-18     1.5279E-16     1.3323E-06     4.3384E-06     1.8730E-06     2.1692E-06     5.4317E+02     5.4317E+02
    2.8500E+01     2.7965E-18     1.5416E-16     2.7811E-07     3.7844E-06     1.6338E-06     1.8922E-06     4.9589E+02     4.9589E+02
    2.8600E+01     2.8057E-18     1.5470E-16     2.7861E-07     4.0833E-06     1.7629E-06     2.0417E-06     5.2167E+02     5.2167E+02
    2.8700E+01     2.8202E-18     1.5557E-16     3.3447E-07     4.9029E-06     2.1167E-06     2.4515E-06     5.8933E+02     5.8933E+02
    2.8800E+01     2.8305E-18     1.5688E-16     1.5306E-06     5.1485E-06     2.2227E-06     2.5742E-06     6.0885E+02     6.0885E+02
    2.8900E+01     2.8309E-18     1.5782E-16     1.3379E-06     4.5485E-06     1.9637E-06     2.2742E-06     5.6057E+02     5.6057E+02
    2.9000E+01     2.8233E-18     1.5846E-16     2.9213E-07     4.1067E-06     1.7729E-06     2.0533E-06     5.2366E+02     5.2366E+02
    2.9100E+01     2.8043E-18     1.5908E-16     3.1232E-07     4.5781E-06     1.9765E-06     2.2890E-06     5.6300E+02     5.6300E+02
    2.9200E+01     2.7699E-18     1.5939E-16     3.7558E-07     5.5055E-06     2.3769E-06     2.7527E-06     6.3668E+02     6.3668E+02
    2.9300E+01     2.7275E-18     1.5928E-16     1.6481E-06     5.7645E-06     2.4887E-06     2.8822E-06     6.5649E+02     6.5649E+02
    2.9400E+01     2.7083E-18     1.5946E-16     1.3810E-06     5.2258E-06     2.2561E-06     2.6129E-06     6.1492E+02     6.1492E+02
    2.9500E+01     2.7029E-18     1.5929E-16     3.4277E-07     4.9942E-06     2.1561E-06     2.4971E-06     5.9662E+02     5.9662E+02
    2.9600E+01     2.6903E-18     1.5881E-16     3.9457E-07     5.7839E-06     2.4970E-06     2.8920E-06     6.5796E+02     6.5796E+02
    2.9700E+01     2.6606E-18     1.5820E-16     4.7763E-07     7.0015E-06     3.0227E-06     3.5007E-06     7.4733E+02     7.4733E+02
    2.9800E+01     2.6390E-18     1.5777E-16     1.8795E-06     7.4696E-06     3.2248E-06     3.7348E-06     7.8028E+02     7.8028E+02
    2.9900E+01     2.6322E-18     1.5709E-16     4.9622E-07     7.2089E-06     3.1122E-06     3.6044E-06     7.6202E+02     7.6202E+02
    3.0000E+01     2.6288E-18     1.5684E-16     5.1097E-07     7.4902E-06     3.2337E-06     3.7451E-06     7.8171E+02     7.8171E+02
    3.0100E+01     2.6133E-18     1.5686E-16     6.1750E-07     9.0517E-06     3.9078E-06     4.5259E-06     8.8690E+02     8.8690E+02
    3.0200E+01     2.5956E-18     1.5674E-16     7.5929E-07     1.1130E-05     4.8052E-06     5.5651E-06     1.0179E+03     1.0179E+03
    3.0300E+01     2.5917E-18     1.5640E-16     8.4896E-07     1.2445E-05     5.3727E-06     6.2223E-06     1.0966E+03     1.0966E+03
    3.0400E+01     2.5920E-18     1.5612E-16     9.0197E-07     1.3222E-05     5.7081E-06     6.6109E-06     1.1418E+03     1.1418E+03
    3.0500E+01     2.5704E-18     1.5516E-16     1.0295E-06     1.5091E-05     6.5152E-06     7.5455E-06     1.2470E+03     1.2470E+03
    3.0600E+01     2.5447E-18     1.5356E-16     1.2932E-06     1.8956E-05     8.1839E-06     9.4782E-06     1.4517E+03     1.4517E+03
    3.0700E+01     2.5348E-18     1.5177E-16     1.6262E-06     2.3838E-05     1.0292E-05     1.1919E-05     1.6914E+03     1.6914E+03
    3.0800E+01     2.5236E-18     1.5007E-16     1.9324E-06     2.8327E-05     1.2229E-05     1.4163E-05     1.8975E+03     1.8975E+03
    3.0900E+01     2.4931E-18     1.4785E-16     2.2585E-06     3.3107E-05     1.4293E-05     1.6553E-05     2.1054E+03     2.1054E+03
    3.1000E+01     2.4671E-18     1.4549E-16     2.7738E-06     4.0660E-05     1.7554E-05     2.0330E-05     2.4145E+03     2.4145E+03
    3.1100E+01     2.4501E-18     1.4313E-16     3.5754E-06     5.2411E-05     2.2627E-05     2.6205E-05     2.8598E+03     2.8598E+03
    3.1200E+01     2.4297E-18     1.4071E-16     4.5891E-06     6.7271E-05     2.9042E-05     3.3635E-05     3.3776E+03     3.3776E+03
    3.1300E+01     2.4063E-18     1.3870E-16     5.7303E-06     8.3999E-05     3.6264E-05     4.1999E-05     3.9165E+03     3.9165E+03
    3.1400E+01     2.3865E-18     1.3774E-16     7.1389E-06     1.0465E-04     4.5179E-05     5.2324E-05     4.5346E+03     4.5346E+03
    3.1500E+01     2.3581E-18     1.3689E-16     9.1338E-06     1.3389E-04     5.7803E-05     6.6945E-05     5.3442E+03     5.3442E+03
    3.1600E+01     2.3230E-18     1.3572E-16     1.1929E-05     1.7486E-04     7.5490E-05     8.7429E-05     6.3852E+03     6.3852E+03
    3.1700E+01     2.2932E-18     1.3545E-16     1.5516E-05     2.2744E-04     9.8191E-05     1.1372E-04     7.6085E+03     7.6085E+03
    3.1800E+01     2.2623E-18     1.3604E-16     1.9946E-05     2.9239E-04     1.2623E-04     1.4619E-04     8.9955E+03     8.9955E+03
    3.1900E+01     2.2209E-18     1.3560E-16     2.5672E-05     3.7632E-04     1.6247E-04     1.8816E-04     1.0644E+04     1.0644E+04
    3.2000E+01     2.1801E-18     1.3423E-16     3.3452E-05     4.9037E-04     2.1170E-04     2.4518E-04     1.2698E+04     1.2698E+04
    3.2100E+01     2.1536E-18     1.3437E-16     4.3933E-05     6.4400E-04     2.7803E-04     3.2200E-04     1.5228E+04     1.5228E+04
    3.2200E+01     2.1374E-18     1.3607E-16     5.7551E-05     8.4363E-04     3.6421E-04     4.2181E-04     1.8231E+04     1.8231E+04
    3.2300E+01     2.1146E-18     1.3641E-16     7.5042E-05     1.1000E-03     4.7490E-04     5.5001E-04     2.1760E+04     2.1760E+04
    3.2400E+01     2.0823E-18     1.3517E-16     9.7975E-05     1.4362E-03     6.2004E-04     7.1809E-04     2.5993E+04     2.5993E+04
    3.2500E+01     2.0647E-18     1.3562E-16     1.2860E-04     1.8851E-03     8.1383E-04     9.4253E-04     3.1161E+04     3.1161E+04
    3.2600E+01     2.0608E-18     1.3745E-16     1.6926E-04     2.4812E-03     1.0712E-03     1.2406E-03     3.7425E+04     3.7425E+04
    3.2700E+01     2.0380E-18     1.3717E-16     2.2249E-04     3.2614E-03     1.4080E-03     1.6307E-03     4.4908E+04     4.4908E+04
    3.2800E+01     2.0053E-18     1.3564E-16     2.9194E-04     4.2795E-03     1.8476E-03     2.1398E-03     5.3825E+04     5.3825E+04
    3.2900E+01     1.9984E-18     1.3678E-16     3.8339E-04     5.6201E-03     2.4263E-03     2.8100E-03     6.4548E+04     6.4548E+04
    3.3000E+01     1.9933E-18     1.3874E-16     5.0459E-04     7.3967E-03     3.1933E-03     3.6984E-03     7.7520E+04     7.7520E+04
    3.3100E+01     1.9651E-18     1.3818E-16     6.6474E-04     9.7443E-03     4.2068E-03     4.8722E-03     9.3158E+04     9.3158E+04
    3.3200E+01     1.9351E-18     1.3705E-16     8.7515E-04     1.2829E-02     5.5384E-03     6.4143E-03     1.1190E+05     1.1190E+05
    3.3300E+01     1.9173E-18     1.3793E-16     1.1514E-03     1.6878E-02     7.2868E-03     8.4392E-03     1.3436E+05     1.3436E+05
    3.3400E+01     1.8908E-18     1.3805E-16     1.5156E-03     2.2217E-02     9.5914E-03     1.1108E-02     1.6138E+05     1.6138E+05
    3.3500E+01     1.8486E-18     1.3585E-16     1.9967E-03     2.9269E-02     1.2636E-02     1.4634E-02     1.9394E+05     1.9394E+05
    3.3600E+01     1.8157E-18     1.3472E-16     2.6313E-03     3.8572E-02     1.6652E-02     1.9286E-02     2.3311E+05     2.3311E+05
    3.3700E+01     1.7856E-18     1.3465E-16     3.4666E-03     5.0816E-02     2.1939E-02     2.5408E-02     2.8015E+05     2.8015E+05
    3.3800E+01     1.7422E-18     1.3295E-16     4.5661E-03     6.6933E-02     2.8896E-02     3.3466E-02     3.3662E+05     3.3662E+05
    3.3900E+01     1.6944E-18     1.3023E-16     6.0155E-03     8.8180E-02     3.8069E-02     4.4090E-02     4.0455E+05     4.0455E+05
    3.4000E+01     1.6555E-18     1.2884E-16     7.9279E-03     1.1621E-01     5.0172E-02     5.8107E-02     4.8629E+05     4.8629E+05
    3.4100E+01     1.6166E-18     1.2779E-16     1.0449E-02     1.5317E-01     6.6128E-02     7.6586E-02     5.8458E+05     5.8458E+05
    3.4200E+01     1.5652E-18     1.2503E-16     1.3771E-02     2.0186E-01     8.7147E-02     1.0093E-01     7.0267E+05     7.0267E+05
    3.4300E+01     1.5157E-18     1.2255E-16     1.8146E-02     2.6600E-01     1.1484E-01     1.3300E-01     8.4459E+05     8.4459E+05
    3.4400E+01     1.4721E-18     1.2100E-16     2.3915E-02     3.5056E-01     1.5135E-01     1.7528E-01     1.0152E+06     1.0152E+06
    3.4500E+01     1.4230E-18     1.1850E-16     3.1522E-02     4.6207E-01     1.9949E-01     2.3103E-01     1.2205E+06     1.2205E+06
    3.4600E+01     1.3677E-18     1.1503E-16     4.1549E-02     6.0905E-01     2.6294E-01     3.0453E-01     1.4672E+06     1.4672E+06
    3.4700E+01     1.3128E-18     1.1159E-16     5.4763E-02     8.0275E-01     3.4657E-01     4.0138E-01     1.7638E+06     1.7638E+06
    3.4800E+01     1.2549E-18     1.0764E-16     7.2178E-02     1.0580E+00     4.5678E-01     5.2902E-01     2.1202E+06     2.1202E+06
    3.4900E+01     1.1903E-18     1.0281E-16     9.5135E-02     1.3946E+00     6.0206E-01     6.9728E-01     2.5489E+06     2.5489E+06
    3.5000E+01     1.1172E-18     9.7036E-17     1.2540E-01     1.8382E+00     7.9360E-01     9.1911E-01     3.0642E+06     3.0642E+06
    3.5100E+01     1.0389E-18     9.0984E-17     1.6530E-01     2.4230E+00     1.0461E+00     1.2115E+00     3.6838E+06     3.6838E+06
    3.5200E+01     9.5388E-19     8.4477E-17     2.1788E-01     3.1938E+00     1.3788E+00     1.5969E+00     4.4285E+06     4.4285E+06
    3.5300E+01     8.6148E-19     7.7500E-17     2.8719E-01     4.2098E+00     1.8175E+00     2.1049E+00     5.3239E+06     5.3239E+06
    3.5400E+01     7.6403E-19     7.0397E-17     3.7855E-01     5.5490E+00     2.3957E+00     2.7745E+00     6.4003E+06     6.4003E+06
    3.5500E+01     6.6405E-19     6.3217E-17     4.9899E-01     7.3145E+00     3.1578E+00     3.6572E+00     7.6944E+06     7.6944E+06
    3.5600E+01     5.6901E-19     5.6375E-17     6.5774E-01     9.6417E+00     4.1625E+00     4.8208E+00     9.2503E+06     9.2503E+06
    3.5700E+01     4.8730E-19     5.0094E-17     8.6700E-01     1.2709E+01     5.4868E+00     6.3545E+00     1.1121E+07     1.1121E+07
    3.5800E+01     4.2456E-19     4.4381E-17     1.1428E+00     1.6752E+01     7.2324E+00     8.3762E+00     1.3369E+07     1.3369E+07
    3.5900E+01     3.8178E-19     3.8912E-17     1.5064E+00     2.2082E+01     9.5334E+00     1.1041E+01     1.6072E+07     1.6072E+07
    3.6000E+01     3.3323E-19     3.2960E-17     1.9857E+00     2.9108E+01     1.2567E+01     1.4554E+01     1.9322E+07     1.9322E+07
    3.6100E+01     2.6968E-19     2.6197E-17     2.6175E+00     3.8369E+01     1.6565E+01     1.9185E+01     2.3230E+07     2.3230E+07
    3.6200E+01     1.8717E-19     1.8864E-17     3.4503E+00     5.0577E+01     2.1835E+01     2.5288E+01     2.7927E+07     2.7927E+07
    3.6300E+01     9.0364E-20     1.1760E-17     4.5480E+00     6.6668E+01     2.8782E+01     3.3334E+01     3.3574E+07     3.3574E+07
    3.6400E+01     0.0000E+00     5.9686E-18     5.9950E+00     8.7879E+01     3.7939E+01     4.3940E+01     4.0362E+07     4.0362E+07
    3.6500E+01     0.0000E+00     2.3062E-18     7.9024E+00     1.1584E+02     5.0011E+01     5.7920E+01     4.8524E+07     4.8524E+07
    3.6600E+01     0.0000E+00     6.2208E-19     1.0417E+01     1.5270E+02     6.5922E+01     7.6348E+01     5.8336E+07     5.8336E+07
    3.6700E+01     0.0000E+00     9.7268E-20     1.3731E+01     2.0128E+02     8.6896E+01     1.0064E+02     7.0132E+07     7.0132E+07
    3.6800E+01     0.0000E+00     0.0000E+00     1.8100E+01     2.6532E+02     1.1454E+02     1.3266E+02     8.4314E+07     8.4314E+07
    3.6900E+01     0.0000E+00     0.0000E+00     2.3858E+01     3.4973E+02     1.5099E+02     1.7487E+02     1.0136E+08     1.0136E+08
    3.7000E+01     0.0000E+00     0.0000E+00     3.1449E+01     4.6101E+02     1.9903E+02     2.3050E+02     1.2186E+08     1.2186E+08
    3.7100E+01     0.0000E+00     6.9432E-21     4.1455E+01     6.0768E+02     2.6235E+02     3.0384E+02     1.4650E+08     1.4650E+08
    3.7200E+01     0.0000E+00     0.0000E+00     5.4645E+01     8.0103E+02     3.4582E+02     4.0051E+02     1.7612E+08     1.7612E+08
    3.7300E+01     0.0000E+00     0.0000E+00     7.2031E+01     1.0559E+03     4.5585E+02     5.2794E+02     2.1174E+08     2.1174E+08
    3.7400E+01     0.0000E+00     0.0000E+00     9.4949E+01     1.3918E+03     6.0089E+02     6.9592E+02     2.5455E+08     2.5455E+08
    3.7500E+01     0.0000E+00     0.0000E+00     1.2516E+02     1.8347E+03     7.9207E+02     9.1734E+02     3.0603E+08     3.0603E+08
    3.7600E+01     0.0000E+00     4.0000E-20     1.6498E+02     2.4184E+03     1.0441E+03     1.2092E+03     3.6791E+08     3.6791E+08
    3.7700E+01     2.0398E-19     1.2117E-19     2.1747E+02     3.1879E+03     1.3763E+03     1.5939E+03     4.4230E+08     4.4230E+08
    3.7800E+01     0.0000E+00     0.0000E+00     2.8666E+02     4.2021E+03     1.8142E+03     2.1011E+03     5.3174E+08     5.3174E+08
    3.7900E+01     0.0000E+00     0.0000E+00     3.7787E+02     5.5391E+03     2.3914E+03     2.7696E+03     6.3927E+08     6.3927E+08
    3.8000E+01     0.0000E+00     0.0000E+00     4.9810E+02     7.3015E+03     3.1522E+03     3.6507E+03     7.6853E+08     7.6853E+08
    3.8100E+01     0.0000E+00     0.0000E+00     6.5658E+02     9.6246E+03     4.1552E+03     4.8123E+03     9.2394E+08     9.2394E+08
    3.8200E+01     5.0743E-20     0.0000E+00     8.6548E+02     1.2687E+04     5.4772E+03     6.3434E+03     1.1108E+09     1.1108E+09
    3.8300E+01     0.0000E+00     0.0000E+00     1.1408E+03     1.6723E+04     7.2199E+03     8.3617E+03     1.3354E+09     1.3354E+09
    3.8400E+01     0.0000E+00     0.0000E+00     1.5038E+03     2.2044E+04     9.5170E+03     1.1022E+04     1.6054E+09     1.6054E+09
    3.8500E+01     0.0000E+00     0.0000E+00     1.9823E+03     2.9058E+04     1.2545E+04     1.4529E+04     1.9300E+09     1.9300E+09
    3.8600E+01     0.0000E+00     0.0000E+00     2.6130E+03     3.8303E+04     1.6536E+04     1.9152E+04     2.3203E+09     2.3203E+09
    3.8700E+01     0.0000E+00     0.0000E+00     3.4444E+03     5.0490E+04     2.1798E+04     2.5245E+04     2.7895E+09     2.7895E+09
    3.8800E+01     0.0000E+00     0.0000E+00     4.5403E+03     6.6555E+04     2.8733E+04     3.3277E+04     3.3536E+09     3.3536E+09
    3.8900E+01     0.0000E+00     0.0000E+00     5.9848E+03     8.7730E+04     3.7875E+04     4.3865E+04     4.0317E+09     4.0317E+09
    3.9000E+01     0.0000E+00     0.0000E+00     7.8890E+03     1.1564E+05     4.9926E+04     5.7822E+04     4.8469E+09     4.8469E+09
    3.9100E+01     0.0000E+00     0.0000E+00     1.0399E+04     1.5244E+05     6.5811E+04     7.6219E+04     5.8270E+09     5.8270E+09
    3.9200E+01     0.0000E+00     0.0000E+00     1.3708E+04     2.0094E+05     8.6750E+04     1.0047E+05     7.0053E+09     7.0053E+09
    3.9300E+01     0.0000E+00     0.0000E+00     1.8069E+04     2.6487E+05     1.1435E+05     1.3243E+05     8.4219E+09     8.4219E+09
    3.9400E+01     0.0000E+00     0.0000E+00     1.5073E+05     3.4914E+05     1.5073E+05     1.7457E+05     1.0125E+10     1.0125E+10
    3.9500E+01     0.0000E+00     0.0000E+00     1.6527E+05     4.6023E+05     1.9869E+05     2.3011E+05     1.2172E+10     1.2172E+10
