   -8.0000E+00     4.3227E-28     9.7249E-28     1.2102E-06     4.6869E-06     2.0234E-06     2.3435E-06     5.7189E+02     5.7189E+02
   -7.9000E+00     4.3227E-28     9.7249E-28     1.2043E-06     4.6185E-06     1.9939E-06     2.3093E-06     5.6631E+02     5.6631E+02
   -7.8000E+00     4.3227E-28     9.7249E-28     1.1367E-06     3.8831E-06     1.6764E-06     1.9415E-06     5.0447E+02     5.0447E+02
   -7.7000E+00     4.3321E-28     9.7329E-28     2.5333E-07     3.5474E-06     1.5315E-06     1.7737E-06     4.7497E+02     4.7497E+02
   -7.6000E+00     4.3345E-28     9.7331E-28     2.7729E-07     4.0645E-06     1.7547E-06     2.0323E-06     5.2007E+02     5.2007E+02
   -7.5000E+00     4.3155E-28     9.7023E-28     1.2209E-06     4.7272E-06     2.0408E-06     2.3636E-06     5.7516E+02     5.7516E+02
   -7.4000E+00     4.2918E-28     9.6702E-28     1.4412E-06     4.5575E-06     1.9676E-06     2.2788E-06     5.6131E+02     5.6131E+02
   -7.3000E+00     4.2936E-28     9.6705E-28     1.0841E-06     3.8128E-06     1.6461E-06     1.9064E-06     4.9837E+02     4.9837E+02
   -7.2000E+00     4.3059E-28     9.6799E-28     2.4705E-07     3.5647E-06     1.5389E-06     1.7823E-06     4.7650E+02     4.7650E+02
   -7.1000E+00     4.3066E-28     9.6762E-28     2.8287E-07     4.1466E-06     1.7902E-06     2.0733E-06     5.2704E+02     5.2704E+02
   -7.0000E+00     4.2882E-28     9.6477E-28     1.2922E-06     4.7571E-06     2.0537E-06     2.3785E-06     5.7758E+02     5.7758E+02
   -6.9000E+00     4.2668E-28     9.6228E-28     1.4251E-06     4.4895E-06     1.9382E-06     2.2447E-06     5.5571E+02     5.5571E+02
   -6.8000E+00     4.2698E-28     9.6492E-28     1.0124E-06     3.7487E-06     1.6184E-06     1.8744E-06     4.9277E+02     4.9277E+02
   -6.7000E+00     4.2842E-28     9.7602E-28     2.4662E-07     3.5919E-06     1.5507E-06     1.7959E-06     4.7893E+02     4.7893E+02
   -6.6000E+00     4.2824E-28     1.0125E-27     2.8851E-07     4.2292E-06     1.8258E-06     2.1146E-06     5.3402E+02     5.3402E+02
   -6.5000E+00     4.2681E-28     1.1480E-27     1.3445E-06     4.7760E-06     2.0619E-06     2.3880E-06     5.7912E+02     5.7912E+02
   -6.4000E+00     4.2629E-28     1.6445E-27     1.4037E-06     4.4157E-06     1.9064E-06     2.2078E-06     5.4961E+02     5.4961E+02
   -6.3000E+00     4.3233E-28     3.4102E-27     9.0039E-07     3.6918E-06     1.5939E-06     1.8459E-06     4.8777E+02     4.8777E+02
   -6.2000E+00     4.5339E-28     9.5236E-27     2.4791E-07     3.6287E-06     1.5666E-06     1.8144E-06     4.8220E+02     4.8220E+02
   -6.1000E+00     5.1948E-28     3.0264E-26     2.9408E-07     4.3108E-06     1.8611E-06     2.1554E-06     5.4087E+02     5.4087E+02
   -6.0000E+00     7.3984E-28     9.9260E-26     1.3847E-06     4.7837E-06     2.0652E-06     2.3918E-06     5.7973E+02     5.7973E+02
   -5.9000E+00     1.4633E-27     3.2416E-25     1.3773E-06     4.3376E-06     1.8726E-06     2.1688E-06     5.4310E+02     5.4310E+02
   -5.8000E+00     3.7843E-27     1.0421E-24     2.6771E-07     3.6430E-06     1.5728E-06     1.8215E-06     4.8346E+02     4.8346E+02
   -5.7000E+00     1.1072E-26     3.2887E-24     2.5080E-07     3.6746E-06     1.5864E-06     1.8373E-06     4.8626E+02     4.8626E+02
   -5.6000E+00     3.3456E-26     1.0178E-23     2.9949E-07     4.3901E-06     1.8953E-06     2.1950E-06     5.4748E+02     5.4748E+02
   -5.5000E+00     1.0079E-25     3.0889E-23     1.4151E-06     4.7798E-06     2.0636E-06     2.3899E-06     5.7942E+02     5.7942E+02
   -5.4000E+00     2.9976E-25     9.1889E-23     1.3460E-06     4.2565E-06     1.8376E-06     2.1283E-06     5.3632E+02     5.3632E+02
   -5.3000E+00     8.7863E-25     2.6782E-22     2.6949E-07     3.6031E-06     1.5555E-06     1.8016E-06     4.7992E+02     4.7992E+02
   -5.2000E+00     2.5343E-24     7.6527E-22     2.5448E-07     3.7289E-06     1.6099E-06     1.8645E-06     4.9103E+02     4.9103E+02
   -5.1000E+00     7.1501E-24     2.1435E-21     3.0463E-07     4.4655E-06     1.9278E-06     2.2327E-06     5.5373E+02     5.5373E+02
   -5.0000E+00     1.9735E-23     5.8865E-21     1.4371E-06     4.7646E-06     2.0570E-06     2.3823E-06     5.7819E+02     5.7819E+02
   -4.9000E+00     5.3710E-23     1.5845E-20     1.3102E-06     4.1741E-06     1.8020E-06     2.0870E-06     5.2937E+02     5.2937E+02
   -4.8000E+00     1.4531E-22     4.1790E-20     2.6675E-07     3.5726E-06     1.5424E-06     1.7863E-06     4.7721E+02     4.7721E+02
   -4.7000E+00     3.8907E-22     1.0805E-19     2.5867E-07     3.7907E-06     1.6365E-06     1.8954E-06     4.9644E+02     4.9644E+02
   -4.6000E+00     1.0132E-21     2.7385E-19     3.0941E-07     4.5356E-06     1.9581E-06     2.2678E-06     5.5951E+02     5.5951E+02
   -4.5000E+00     2.5760E-21     6.8049E-19     1.4512E-06     4.7383E-06     2.0456E-06     2.3691E-06     5.7606E+02     5.7606E+02
   -4.4000E+00     6.5739E-21     1.6576E-18     1.2698E-06     4.0917E-06     1.7665E-06     2.0458E-06     5.2238E+02     5.2238E+02
   -4.3000E+00     1.7230E-20     3.9560E-18     2.6250E-07     3.5520E-06     1.5335E-06     1.7760E-06     4.7538E+02     4.7538E+02
   -4.2000E+00     4.5210E-20     9.2561E-18     2.6331E-07     3.8591E-06     1.6660E-06     1.9295E-06     5.0239E+02     5.0239E+02
   -4.1000E+00     1.1329E-19     2.1229E-17     3.1374E-07     4.5991E-06     1.9855E-06     2.2995E-06     5.6472E+02     5.6472E+02
   -4.0000E+00     2.7681E-19     4.7741E-17     1.4572E-06     4.7014E-06     2.0297E-06     2.3507E-06     5.7307E+02     5.7307E+02
   -3.9000E+00     7.0978E-19     1.0525E-16     1.2266E-06     4.0108E-06     1.7316E-06     2.0054E-06     5.1548E+02     5.1548E+02
   -3.8000E+00     1.9657E-18     2.2741E-16     2.5649E-07     3.5417E-06     1.5290E-06     1.7708E-06     4.7445E+02     4.7445E+02
   -3.7000E+00     5.3728E-18     4.8178E-16     2.6832E-07     3.9328E-06     1.6979E-06     1.9664E-06     5.0877E+02     5.0877E+02
   -3.6000E+00     1.3470E-17     1.0005E-15     6.5896E-07     4.6547E-06     2.0095E-06     2.3273E-06     5.6927E+02     5.6927E+02
   -3.5000E+00     3.2895E-17     2.0377E-15     1.4560E-06     4.6547E-06     2.0095E-06     2.3273E-06     5.6926E+02     5.6926E+02
   -3.4000E+00     8.7486E-17     4.0718E-15     1.1787E-06     3.9328E-06     1.6979E-06     1.9664E-06     5.0877E+02     5.0877E+02
   -3.3000E+00     2.5226E-16     7.9838E-15     2.5158E-07     3.5417E-06     1.5290E-06     1.7708E-06     4.7445E+02     4.7445E+02
   -3.2000E+00     6.8613E-16     1.5364E-14     2.7362E-07     4.0108E-06     1.7316E-06     2.0054E-06     5.1548E+02     5.1548E+02
   -3.1000E+00     1.6697E-15     2.9000E-14     1.1483E-06     4.7014E-06     2.0297E-06     2.3507E-06     5.7307E+02     5.7307E+02
   -3.0000E+00     3.9680E-15     5.3761E-14     1.4489E-06     4.5990E-06     1.9855E-06     2.2995E-06     5.6472E+02     5.6472E+02
   -2.9000E+00     1.0176E-14     9.8218E-14     1.1247E-06     3.8590E-06     1.6660E-06     1.9295E-06     5.0239E+02     5.0239E+02
   -2.8000E+00     2.5587E-14     1.7721E-13     2.4830E-07     3.5520E-06     1.5335E-06     1.7760E-06     4.7538E+02     4.7538E+02
   -2.7000E+00     6.5369E-14     3.1577E-13     2.7913E-07     4.0917E-06     1.7665E-06     2.0459E-06     5.2238E+02     5.2238E+02
   -2.6000E+00     1.5040E-13     5.5367E-13     1.2477E-06     4.7383E-06     2.0456E-06     2.3692E-06     5.7606E+02     5.7606E+02
   -2.5000E+00     3.4029E-13     9.6440E-13     1.4364E-06     4.5356E-06     1.9581E-06     2.2678E-06     5.5951E+02     5.5951E+02
   -2.4000E+00     8.3225E-13     1.6955E-12     1.0621E-06     3.7907E-06     1.6365E-06     1.8954E-06     4.9644E+02     4.9644E+02
   -2.3000E+00     2.1125E-12     3.0411E-12     2.4672E-07     3.5726E-06     1.5424E-06     1.7863E-06     4.7721E+02     4.7721E+02
   -2.2000E+00     4.9585E-12     5.4797E-12     2.8475E-07     4.1741E-06     1.8021E-06     2.0870E-06     5.2937E+02     5.2937E+02
   -2.1000E+00     1.0603E-11     9.7868E-12     1.3112E-06     4.7646E-06     2.0570E-06     2.3823E-06     5.7819E+02     5.7819E+02
   -2.0000E+00     2.2524E-11     1.7920E-11     1.4185E-06     4.4654E-06     1.9278E-06     2.2327E-06     5.5373E+02     5.5373E+02
   -1.9000E+00     5.1356E-11     3.4644E-11     9.8311E-07     3.7289E-06     1.6099E-06     1.8645E-06     4.9103E+02     4.9103E+02
   -1.8000E+00     1.1954E-10     7.0082E-11     2.4685E-07     3.6031E-06     1.5555E-06     1.8016E-06     4.7992E+02     4.7992E+02
   -1.7000E+00     2.5709E-10     1.3911E-10     2.9038E-07     4.2565E-06     1.8376E-06     2.1283E-06     5.3632E+02     5.3632E+02
   -1.6000E+00     5.1040E-10     2.6675E-10     1.3590E-06     4.7798E-06     2.0636E-06     2.3899E-06     5.7942E+02     5.7942E+02
   -1.5000E+00     1.0151E-09     5.2328E-10     1.3954E-06     4.3901E-06     1.8953E-06     2.1950E-06     5.4748E+02     5.4748E+02
   -1.4000E+00     2.1488E-09     1.0722E-09     8.1179E-07     3.6746E-06     1.5864E-06     1.8373E-06     4.8625E+02     4.8625E+02
   -1.3000E+00     4.5822E-09     2.2239E-09     2.4872E-07     3.6431E-06     1.5728E-06     1.8215E-06     4.8346E+02     4.8346E+02
   -1.2000E+00     9.0520E-09     4.3667E-09     2.9590E-07     4.3376E-06     1.8726E-06     2.1688E-06     5.4311E+02     5.4311E+02
   -1.1000E+00     1.6712E-08     8.1724E-09     1.3958E-06     4.7837E-06     2.0652E-06     2.3918E-06     5.7973E+02     5.7973E+02
   -1.0000E+00     3.1113E-08     1.5518E-08     1.3673E-06     4.3108E-06     1.8611E-06     2.1554E-06     5.4087E+02     5.4087E+02
   -9.0000E-01     6.1083E-08     3.0337E-08     2.6917E-07     3.6287E-06     1.5666E-06     1.8144E-06     4.8220E+02     4.8220E+02
   -8.0000E-01     1.1946E-07     5.9006E-08     2.5196E-07     3.6918E-06     1.5939E-06     1.8459E-06     4.8777E+02     4.8777E+02
   -7.0000E-01     2.1719E-07     1.0810E-07     3.0123E-07     4.4157E-06     1.9064E-06     2.2078E-06     5.4961E+02     5.4961E+02
   -6.0000E-01     3.7269E-07     1.8967E-07     1.4230E-06     4.7760E-06     2.0619E-06     2.3880E-06     5.7912E+02     5.7912E+02
   -5.0000E-01     6.4611E-07     3.3646E-07     1.3336E-06     4.2291E-06     1.8258E-06     2.1146E-06     5.3402E+02     5.3402E+02
   -4.0000E-01     1.1660E-06     6.0796E-07     2.6830E-07     3.5919E-06     1.5507E-06     1.7959E-06     4.7893E+02     4.7893E+02
   -3.0000E-01     2.0712E-06     1.0810E-06     2.5581E-07     3.7487E-06     1.6184E-06     1.8744E-06     4.9277E+02     4.9277E+02
   -2.0000E-01     3.4317E-06     1.8116E-06     3.0627E-07     4.4895E-06     1.9382E-06     2.2447E-06     5.5571E+02     5.5571E+02
   -1.0000E-01     5.4052E-06     2.9215E-06     1.4370E-06     4.7571E-06     2.0537E-06     2.3785E-06     5.7758E+02     5.7758E+02
    0.0000E+00     8.6070E-06     4.7470E-06     1.2862E-06     4.1465E-06     1.7902E-06     2.0733E-06     5.2704E+02     5.2704E+02
    1.0000E-01     1.4111E-05     7.8039E-06     2.6149E-07     3.5646E-06     1.5389E-06     1.7823E-06     4.7650E+02     4.7650E+02
    2.0000E-01     2.2641E-05     1.2575E-05     2.6014E-07     3.8128E-06     1.6461E-06     1.9064E-06     4.9837E+02     4.9837E+02
    3.0000E-01     3.4107E-05     1.9231E-05     3.1091E-07     4.5575E-06     1.9676E-06     2.2788E-06     5.6131E+02     5.6131E+02
    4.0000E-01     4.9443E-05     2.8573E-05     1.4149E-06     4.7271E-06     2.0408E-06     2.3636E-06     5.7516E+02     5.7516E+02
    5.0000E-01     7.2806E-05     4.2915E-05     1.2063E-06     4.0645E-06     1.7547E-06     2.0322E-06     5.2007E+02     5.2007E+02
    6.0000E-01     1.0947E-04     6.5222E-05     2.5094E-07     3.5474E-06     1.5315E-06     1.7737E-06     4.7497E+02     4.7497E+02
    7.0000E-01     1.6102E-04     9.7588E-05     2.6492E-07     3.8831E-06     1.6764E-06     1.9415E-06     5.0447E+02     5.0447E+02
    8.0000E-01     2.2468E-04     1.3986E-04     3.3513E-07     4.6185E-06     1.9939E-06     2.3093E-06     5.6631E+02     5.6631E+02
    9.0000E-01     3.0589E-04     1.9702E-04     1.3664E-06     4.6869E-06     2.0234E-06     2.3434E-06     5.7189E+02     5.7189E+02
    1.0000E+00     4.2418E-04     2.8053E-04     1.2184E-06     3.9844E-06     1.7202E-06     1.9922E-06     5.1321E+02     5.1321E+02
    1.1000E+00     5.9631E-04     4.0339E-04     4.9679E-07     3.5405E-06     1.5285E-06     1.7703E-06     4.7435E+02     4.7435E+02
    1.2000E+00     8.2002E-04     5.7382E-04     6.6720E-07     3.9584E-06     1.7089E-06     1.9792E-06     5.1098E+02     5.1098E+02
    1.3000E+00     1.0797E-03     7.8052E-04     4.0033E-06     4.6713E-06     2.0167E-06     2.3357E-06     5.7062E+02     5.7062E+02
    1.4000E+00     1.3842E-03     1.0404E-03     3.2711E-06     4.6371E-06     2.0019E-06     2.3185E-06     5.6783E+02     5.6783E+02
    1.5000E+00     1.7752E-03     1.3685E-03     5.1367E-06     3.9077E-06     1.6870E-06     1.9539E-06     5.0660E+02     5.0660E+02
    1.6000E+00     2.2460E-03     1.7653E-03     4.9035E-06     3.5440E-06     1.5300E-06     1.7720E-06     4.7466E+02     4.7466E+02
    1.7000E+00     2.7178E-03     2.1856E-03     6.9189E-06     4.0375E-06     1.7431E-06     2.0188E-06     5.1776E+02     5.1776E+02
    1.8000E+00     3.1470E-03     2.5812E-03     1.7437E-05     4.7148E-06     2.0355E-06     2.3574E-06     5.7416E+02     5.7416E+02
    1.9000E+00     3.5932E-03     3.0300E-03     1.2358E-05     4.5787E-06     1.9767E-06     2.2893E-06     5.6305E+02     5.6305E+02
    2.0000E+00     4.1876E-03     3.5990E-03     2.2499E-05     3.8356E-06     1.6559E-06     1.9178E-06     5.0035E+02     5.0035E+02
    2.1000E+00     4.9443E-03     4.3851E-03     1.4268E-05     3.5578E-06     1.5360E-06     1.7789E-06     4.7589E+02     4.7589E+02
    2.2000E+00     5.7987E-03     5.3541E-03     1.8609E-05     4.1191E-06     1.7783E-06     2.0595E-06     5.2471E+02     5.2471E+02
    2.3000E+00     6.7717E-03     6.4687E-03     4.1943E-05     4.7483E-06     2.0499E-06     2.3741E-06     5.7687E+02     5.7687E+02
    2.4000E+00     7.9160E-03     7.8638E-03     3.4531E-05     4.5129E-06     1.9483E-06     2.2564E-06     5.5764E+02     5.5764E+02
    2.5000E+00     9.4560E-03     9.7671E-03     6.1716E-05     3.7693E-06     1.6273E-06     1.8847E-06     4.9457E+02     4.9457E+02
    2.6000E+00     1.1195E-02     1.2156E-02     4.2947E-05     3.5817E-06     1.5463E-06     1.7909E-06     4.7802E+02     4.7802E+02
    2.7000E+00     1.1829E-02     1.3285E-02     7.9487E-05     4.2016E-06     1.8139E-06     2.1008E-06     5.3170E+02     5.3170E+02
    2.8000E+00     1.2016E-02     1.3780E-02     1.5402E-04     4.7709E-06     2.0597E-06     2.3855E-06     5.7870E+02     5.7870E+02
    2.9000E+00     1.2193E-02     1.4347E-02     1.1672E-04     4.4408E-06     1.9172E-06     2.2204E-06     5.5169E+02     5.5169E+02
    3.0000E+00     1.2575E-02     1.5118E-02     1.8994E-04     3.7099E-06     1.6017E-06     1.8550E-06     4.8936E+02     4.8936E+02
    3.1000E+00     1.2987E-02     1.6290E-02     7.4766E-05     3.6154E-06     1.5609E-06     1.8077E-06     4.8101E+02     4.8101E+02
    3.2000E+00     1.3440E-02     1.7697E-02     9.5965E-05     4.2838E-06     1.8494E-06     2.1419E-06     5.3861E+02     5.3861E+02
    3.3000E+00     1.4083E-02     1.9369E-02     1.6028E-04     4.7824E-06     2.0647E-06     2.3912E-06     5.7963E+02     5.7963E+02
    3.4000E+00     1.5084E-02     2.1774E-02     1.3312E-04     4.3640E-06     1.8840E-06     2.1820E-06     5.4531E+02     5.4531E+02
    3.5000E+00     1.6106E-02     2.3642E-02     3.4105E-04     3.6584E-06     1.5794E-06     1.8292E-06     4.8482E+02     4.8482E+02
    3.6000E+00     1.6192E-02     2.4311E-02     1.1535E-04     3.6584E-06     1.5794E-06     1.8292E-06     4.8482E+02     4.8482E+02
    3.7000E+00     1.5932E-02     2.4870E-02     1.9367E-04     4.3640E-06     1.8840E-06     2.1820E-06     5.4531E+02     5.4531E+02
    3.8000E+00     1.5193E-02     2.4497E-02     3.2871E-04     4.7824E-06     2.0647E-06     2.3912E-06     5.7963E+02     5.7963E+02
    3.9000E+00     1.4284E-02     2.3804E-02     2.7716E-04     4.2838E-06     1.8494E-06     2.1419E-06     5.3861E+02     5.3861E+02
    4.0000E+00     1.3786E-02     2.3872E-02     2.5963E-04     3.6154E-06     1.5609E-06     1.8077E-06     4.8102E+02     4.8102E+02
    4.1000E+00     1.3870E-02     2.5663E-02     9.3399E-05     3.7099E-06     1.6017E-06     1.8550E-06     4.8936E+02     4.8936E+02
    4.2000E+00     1.3888E-02     2.6790E-02     1.8162E-04     4.4408E-06     1.9172E-06     2.2204E-06     5.5169E+02     5.5169E+02
    4.3000E+00     1.3607E-02     2.6795E-02     3.1807E-04     4.7709E-06     2.0597E-06     2.3855E-06     5.7870E+02     5.7870E+02
    4.4000E+00     1.3046E-02     2.6210E-02     3.7317E-04     4.2016E-06     1.8140E-06     2.1008E-06     5.3170E+02     5.3170E+02
    4.5000E+00     1.2101E-02     2.5233E-02     2.9836E-04     3.5817E-06     1.5463E-06     1.7909E-06     4.7802E+02     4.7802E+02
    4.6000E+00     1.1091E-02     2.4605E-02     1.1322E-04     3.7693E-06     1.6273E-06     1.8847E-06     4.9457E+02     4.9457E+02
    4.7000E+00     1.0528E-02     2.4905E-02     1.9490E-04     4.5129E-06     1.9483E-06     2.2564E-06     5.5764E+02     5.5764E+02
    4.8000E+00     1.0078E-02     2.4719E-02     1.9294E-04     4.7483E-06     2.0499E-06     2.3741E-06     5.7687E+02     5.7687E+02
    4.9000E+00     9.7344E-03     2.4038E-02     3.9622E-04     4.1191E-06     1.7783E-06     2.0595E-06     5.2471E+02     5.2471E+02
    5.0000E+00     9.1224E-03     2.3250E-02     2.1703E-04     3.5578E-06     1.5360E-06     1.7789E-06     4.7589E+02     4.7589E+02
    5.1000E+00     8.2938E-03     2.2423E-02     1.0260E-04     3.8356E-06     1.6559E-06     1.9178E-06     5.0035E+02     5.0035E+02
    5.2000E+00     7.6547E-03     2.1820E-02     2.4226E-04     4.5787E-06     1.9767E-06     2.2893E-06     5.6305E+02     5.6305E+02
    5.3000E+00     7.0835E-03     2.1362E-02     2.1963E-04     4.7149E-06     2.0355E-06     2.3574E-06     5.7416E+02     5.7416E+02
    5.4000E+00     6.7705E-03     2.0574E-02     3.4064E-04     4.0375E-06     1.7431E-06     2.0188E-06     5.1776E+02     5.1776E+02
    5.5000E+00     6.4205E-03     1.9830E-02     1.4388E-04     3.5440E-06     1.5300E-06     1.7720E-06     4.7466E+02     4.7466E+02
    5.6000E+00     5.8228E-03     1.9084E-02     8.1407E-05     3.9077E-06     1.6870E-06     1.9538E-06     5.0660E+02     5.0660E+02
    5.7000E+00     5.3610E-03     1.8141E-02     2.9496E-04     4.6371E-06     2.0019E-06     2.3185E-06     5.6783E+02     5.6783E+02
    5.8000E+00     4.8726E-03     1.7803E-02     9.9459E-05     4.6713E-06     2.0167E-06     2.3357E-06     5.7062E+02     5.7062E+02
    5.9000E+00     4.6838E-03     1.7205E-02     3.3807E-04     3.9584E-06     1.7089E-06     1.9792E-06     5.1098E+02     5.1098E+02
    6.0000E+00     4.3963E-03     1.6620E-02     8.7564E-05     3.5405E-06     1.5285E-06     1.7703E-06     4.7435E+02     4.7435E+02
    6.1000E+00     3.9849E-03     1.6034E-02     6.8189E-05     3.9844E-06     1.7202E-06     1.9922E-06     5.1321E+02     5.1321E+02
    6.2000E+00     3.6963E-03     1.4928E-02     3.7749E-04     4.6869E-06     2.0234E-06     2.3434E-06     5.7189E+02     5.7189E+02
    6.3000E+00     3.3564E-03     1.4550E-02     3.8754E-05     4.6185E-06     1.9939E-06     2.3093E-06     5.6631E+02     5.6631E+02
    6.4000E+00     3.1197E-03     1.3798E-02     3.3423E-04     3.8831E-06     1.6764E-06     1.9416E-06     5.0448E+02     5.0448E+02
    6.5000E+00     2.8053E-03     1.3145E-02     6.8009E-05     3.5474E-06     1.5315E-06     1.7737E-06     4.7497E+02     4.7497E+02
    6.6000E+00     2.5238E-03     1.2738E-02     4.7300E-05     4.0645E-06     1.7547E-06     2.0322E-06     5.2006E+02     5.2006E+02
    6.7000E+00     2.4140E-03     1.2221E-02     2.2665E-04     4.7271E-06     2.0408E-06     2.3636E-06     5.7516E+02     5.7516E+02
    6.8000E+00     2.2533E-03     1.2089E-02     1.4503E-05     4.5575E-06     1.9676E-06     2.2788E-06     5.6132E+02     5.6132E+02
    6.9000E+00     2.1060E-03     1.1988E-02     1.1729E-05     3.8128E-06     1.6461E-06     1.9064E-06     4.9837E+02     4.9837E+02
    7.0000E+00     1.9779E-03     1.1781E-02     9.0531E-06     3.5646E-06     1.5389E-06     1.7823E-06     4.7650E+02     4.7650E+02
    7.1000E+00     1.8360E-03     1.1603E-02     2.0560E-06     4.1465E-06     1.7902E-06     2.0733E-06     5.2704E+02     5.2704E+02
    7.2000E+00     1.9163E-03     1.0968E-02     3.7564E-04     4.7570E-06     2.0537E-06     2.3785E-06     5.7758E+02     5.7758E+02
    7.3000E+00     1.7517E-03     1.0572E-02     2.1615E-05     4.4895E-06     1.9382E-06     2.2447E-06     5.5572E+02     5.5572E+02
    7.4000E+00     1.7507E-03     9.8780E-03     5.6207E-04     3.7487E-06     1.6184E-06     1.8744E-06     4.9277E+02     4.9277E+02
    7.5000E+00     1.6358E-03     9.5478E-03     2.4773E-05     3.5919E-06     1.5507E-06     1.7959E-06     4.7892E+02     4.7892E+02
    7.6000E+00     1.5247E-03     9.5068E-03     5.8593E-07     4.2291E-06     1.8258E-06     2.1146E-06     5.3402E+02     5.3402E+02
    7.7000E+00     1.4407E-03     9.5275E-03     1.5400E-06     4.7760E-06     2.0619E-06     2.3880E-06     5.7911E+02     5.7911E+02
    7.8000E+00     1.3395E-03     9.4746E-03     1.6624E-06     4.4157E-06     1.9064E-06     2.2079E-06     5.4961E+02     5.4961E+02
    7.9000E+00     1.4205E-03     8.8334E-03     7.0231E-04     3.6919E-06     1.5939E-06     1.8459E-06     4.8777E+02     4.8777E+02
    8.0000E+00     1.3062E-03     8.4423E-03     2.1429E-05     3.6287E-06     1.5666E-06     1.8144E-06     4.8219E+02     4.8219E+02
    8.1000E+00     1.1871E-03     8.0931E-03     3.8996E-07     4.3108E-06     1.8611E-06     2.1554E-06     5.4087E+02     5.4087E+02
    8.2000E+00     1.0992E-03     7.7818E-03     1.3300E-06     4.7837E-06     2.0652E-06     2.3918E-06     5.7973E+02     5.7973E+02
    8.3000E+00     1.0174E-03     7.5378E-03     1.3574E-06     4.3376E-06     1.8726E-06     2.1688E-06     5.4311E+02     5.4311E+02
    8.4000E+00     1.0087E-03     7.2261E-03     1.6186E-04     3.6431E-06     1.5728E-06     1.8215E-06     4.8347E+02     4.8347E+02
    8.5000E+00     9.6834E-04     7.1192E-03     3.5669E-06     3.6746E-06     1.5864E-06     1.8373E-06     4.8625E+02     4.8625E+02
    8.6000E+00     9.2142E-04     7.0837E-03     3.0793E-07     4.3900E-06     1.8953E-06     2.1950E-06     5.4748E+02     5.4748E+02
    8.7000E+00     8.7642E-04     7.0551E-03     1.4553E-06     4.7798E-06     2.0636E-06     2.3899E-06     5.7942E+02     5.7942E+02
    8.8000E+00     8.2994E-04     6.9927E-03     1.4170E-06     4.2566E-06     1.8377E-06     2.1283E-06     5.3632E+02     5.3632E+02
    8.9000E+00     8.0545E-04     6.9043E-03     4.8044E-05     3.6031E-06     1.5556E-06     1.8016E-06     4.7993E+02     4.7993E+02
    9.0000E+00     7.7061E-04     6.8521E-03     1.1737E-06     3.7289E-06     1.6099E-06     1.8644E-06     4.9103E+02     4.9103E+02
    9.1000E+00     7.3367E-04     6.7781E-03     3.0491E-07     4.4654E-06     1.9278E-06     2.2327E-06     5.5373E+02     5.5373E+02
    9.2000E+00     7.0119E-04     6.7016E-03     1.5223E-06     4.7646E-06     2.0570E-06     2.3823E-06     5.7819E+02     5.7819E+02
    9.3000E+00     6.7300E-04     6.6400E-03     1.4362E-06     4.1741E-06     1.8021E-06     2.0871E-06     5.2937E+02     5.2937E+02
    9.4000E+00     6.4786E-04     6.5948E-03     1.7137E-06     3.5726E-06     1.5424E-06     1.7863E-06     4.7721E+02     4.7721E+02
    9.5000E+00     6.2462E-04     6.5638E-03     2.7743E-07     3.7907E-06     1.6365E-06     1.8953E-06     4.9644E+02     4.9644E+02
    9.6000E+00     6.0233E-04     6.5264E-03     3.0942E-07     4.5355E-06     1.9581E-06     2.2678E-06     5.5951E+02     5.5951E+02
    9.7000E+00     5.7971E-04     6.4535E-03     1.5997E-06     4.7383E-06     2.0456E-06     2.3692E-06     5.7606E+02     5.7606E+02
    9.8000E+00     5.5655E-04     6.3505E-03     1.4711E-06     4.0917E-06     1.7665E-06     2.0459E-06     5.2239E+02     5.2239E+02
    9.9000E+00     5.3424E-04     6.2477E-03     5.1664E-07     3.5521E-06     1.5335E-06     1.7760E-06     4.7538E+02     4.7538E+02
    1.0000E+01     5.1284E-04     6.1405E-03     2.6535E-07     3.8590E-06     1.6660E-06     1.9295E-06     5.0239E+02     5.0239E+02
    1.0100E+01     4.9199E-04     6.0194E-03     1.3187E-06     4.5990E-06     1.9855E-06     2.2995E-06     5.6472E+02     5.6472E+02
    1.0200E+01     4.7100E-04     5.8727E-03     1.5861E-06     4.7014E-06     2.0297E-06     2.3507E-06     5.7307E+02     5.7307E+02
    1.0300E+01     4.5032E-04     5.7182E-03     1.4144E-06     4.0108E-06     1.7316E-06     2.0054E-06     5.1548E+02     5.1548E+02
    1.0400E+01     4.3175E-04     5.5743E-03     3.5006E-07     3.5417E-06     1.5290E-06     1.7708E-06     4.7445E+02     4.7445E+02
    1.0500E+01     4.0903E-04     5.4431E-03     2.6878E-07     3.9328E-06     1.6979E-06     1.9664E-06     5.0877E+02     5.0877E+02
    1.0600E+01     4.5919E-04     5.0515E-03     6.7796E-04     4.6547E-06     2.0095E-06     2.3273E-06     5.6926E+02     5.6926E+02
    1.0700E+01     4.5869E-04     4.9698E-03     1.9099E-05     4.6547E-06     2.0095E-06     2.3274E-06     5.6927E+02     5.6927E+02
    1.0800E+01     4.3441E-04     4.8661E-03     2.1162E-06     3.9328E-06     1.6979E-06     1.9664E-06     5.0877E+02     5.0877E+02
    1.0900E+01     4.0816E-04     4.7582E-03     2.6344E-07     3.5417E-06     1.5290E-06     1.7708E-06     4.7445E+02     4.7445E+02
    1.1000E+01     3.8259E-04     4.6520E-03     2.7363E-07     4.0108E-06     1.7315E-06     2.0054E-06     5.1547E+02     5.1547E+02
    1.1100E+01     3.6943E-04     4.5507E-03     1.2998E-05     4.7014E-06     2.0297E-06     2.3507E-06     5.7307E+02     5.7307E+02
    1.1200E+01     3.5087E-04     4.4584E-03     1.8369E-06     4.5991E-06     1.9855E-06     2.2995E-06     5.6472E+02     5.6472E+02
    1.1300E+01     3.3131E-04     4.3561E-03     1.1796E-06     3.8591E-06     1.6661E-06     1.9295E-06     5.0239E+02     5.0239E+02
    1.1400E+01     3.1251E-04     4.2492E-03     2.5101E-07     3.5520E-06     1.5335E-06     1.7760E-06     4.7538E+02     4.7538E+02
    1.1500E+01     2.9633E-04     4.1595E-03     2.7913E-07     4.0917E-06     1.7665E-06     2.0458E-06     5.2238E+02     5.2238E+02
    1.1600E+01     2.8335E-04     4.1002E-03     1.3935E-06     4.7383E-06     2.0456E-06     2.3691E-06     5.7606E+02     5.7606E+02
    1.1700E+01     2.7200E-04     4.0517E-03     1.4690E-06     4.5356E-06     1.9581E-06     2.2678E-06     5.5951E+02     5.5951E+02
    1.1800E+01     2.6018E-04     3.9751E-03     1.2114E-06     3.7907E-06     1.6366E-06     1.8954E-06     4.9644E+02     4.9644E+02
    1.1900E+01     2.4753E-04     3.8680E-03     2.6268E-07     3.5726E-06     1.5424E-06     1.7863E-06     4.7721E+02     4.7721E+02
    1.2000E+01     2.3498E-04     3.7518E-03     2.8476E-07     4.1741E-06     1.8020E-06     2.0870E-06     5.2937E+02     5.2937E+02
    1.2100E+01     2.2292E-04     3.6303E-03     1.3909E-06     4.7646E-06     2.0570E-06     2.3823E-06     5.7819E+02     5.7819E+02
    1.2200E+01     2.1119E-04     3.5068E-03     1.4452E-06     4.4655E-06     1.9279E-06     2.2327E-06     5.5373E+02     5.5373E+02
    1.2300E+01     2.0070E-04     3.3923E-03     2.0632E-06     3.7289E-06     1.6099E-06     1.8645E-06     4.9103E+02     4.9103E+02
    1.2400E+01     1.9125E-04     3.2986E-03     3.2053E-07     3.6031E-06     1.5555E-06     1.8015E-06     4.7992E+02     4.7992E+02
    1.2500E+01     1.8326E-04     3.2367E-03     2.9048E-07     4.2565E-06     1.8376E-06     2.1283E-06     5.3632E+02     5.3632E+02
    1.2600E+01     1.7678E-04     3.2008E-03     1.4066E-06     4.7798E-06     2.0636E-06     2.3899E-06     5.7942E+02     5.7942E+02
    1.2700E+01     1.7136E-04     3.2188E-03     1.4189E-06     4.3901E-06     1.8953E-06     2.1950E-06     5.4748E+02     5.4748E+02
    1.2800E+01     2.0517E-04     2.8653E-03     7.0104E-04     3.6747E-06     1.5864E-06     1.8373E-06     4.8626E+02     4.8626E+02
    1.2900E+01     1.9083E-04     2.7324E-03     2.2772E-05     3.6430E-06     1.5728E-06     1.8215E-06     4.8346E+02     4.8346E+02
    1.3000E+01     1.7413E-04     2.6126E-03     3.1430E-07     4.3375E-06     1.8726E-06     2.1688E-06     5.4310E+02     5.4310E+02
    1.3100E+01     1.5794E-04     2.4991E-03     1.3857E-06     4.7837E-06     2.0652E-06     2.3918E-06     5.7973E+02     5.7973E+02
    1.3200E+01     1.4356E-04     2.3963E-03     1.3653E-06     4.3108E-06     1.8611E-06     2.1554E-06     5.4087E+02     5.4087E+02
    1.3300E+01     1.3127E-04     2.3076E-03     3.1531E-07     3.6287E-06     1.5666E-06     1.8144E-06     4.8220E+02     4.8220E+02
    1.3400E+01     1.2107E-04     2.2360E-03     2.5201E-07     3.6918E-06     1.5938E-06     1.8459E-06     4.8777E+02     4.8777E+02
    1.3500E+01     1.1285E-04     2.1858E-03     3.0123E-07     4.4157E-06     1.9063E-06     2.2078E-06     5.4961E+02     5.4961E+02
    1.3600E+01     1.0658E-04     2.1612E-03     1.4310E-06     4.7760E-06     2.0619E-06     2.3880E-06     5.7912E+02     5.7912E+02
    1.3700E+01     1.0188E-04     2.1553E-03     1.3449E-06     4.2292E-06     1.8258E-06     2.1146E-06     5.3402E+02     5.3402E+02
    1.3800E+01     9.7929E-05     2.1491E-03     2.8048E-07     3.5919E-06     1.5507E-06     1.7959E-06     4.7893E+02     4.7893E+02
    1.3900E+01     9.4048E-05     2.1249E-03     2.5583E-07     3.7487E-06     1.6184E-06     1.8743E-06     4.9277E+02     4.9277E+02
    1.4000E+01     9.0164E-05     2.0845E-03     3.0626E-07     4.4894E-06     1.9382E-06     2.2447E-06     5.5571E+02     5.5571E+02
    1.4100E+01     8.6806E-05     2.0474E-03     1.4555E-06     4.7571E-06     2.0537E-06     2.3785E-06     5.7758E+02     5.7758E+02
    1.4200E+01     8.3882E-05     2.0145E-03     1.3094E-06     4.1466E-06     1.7902E-06     2.0733E-06     5.2704E+02     5.2704E+02
    1.4300E+01     8.1121E-05     1.9804E-03     2.7029E-07     3.5647E-06     1.5389E-06     1.7823E-06     4.7650E+02     4.7650E+02
    1.4400E+01     7.8389E-05     1.9434E-03     2.6018E-07     3.8128E-06     1.6461E-06     1.9064E-06     4.9837E+02     4.9837E+02
    1.4500E+01     7.5768E-05     1.9074E-03     3.1091E-07     4.5575E-06     1.9676E-06     2.2787E-06     5.6131E+02     5.6131E+02
    1.4600E+01     7.3477E-05     1.8796E-03     1.4614E-06     4.7272E-06     2.0408E-06     2.3636E-06     5.7516E+02     5.7516E+02
    1.4700E+01     7.1582E-05     1.8619E-03     1.2656E-06     4.0645E-06     1.7548E-06     2.0323E-06     5.2007E+02     5.2007E+02
    1.4800E+01     6.9792E-05     1.8446E-03     2.6369E-07     3.5475E-06     1.5315E-06     1.7737E-06     4.7497E+02     4.7497E+02
    1.4900E+01     6.7617E-05     1.8113E-03     2.6495E-07     3.8831E-06     1.6764E-06     1.9415E-06     5.0447E+02     5.0447E+02
    1.5000E+01     6.4999E-05     1.7606E-03     3.1507E-07     4.6185E-06     1.9939E-06     2.3092E-06     5.6631E+02     5.6631E+02
    1.5100E+01     6.2376E-05     1.7076E-03     1.4648E-06     4.6869E-06     2.0235E-06     2.3435E-06     5.7189E+02     5.7189E+02
    1.5200E+01     5.9864E-05     1.6573E-03     1.2215E-06     3.9845E-06     1.7202E-06     1.9922E-06     5.1322E+02     5.1322E+02
    1.5300E+01     5.7438E-05     1.6071E-03     2.5625E-07     3.5405E-06     1.5285E-06     1.7703E-06     4.7435E+02     4.7435E+02
    1.5400E+01     5.5001E-05     1.5612E-03     2.7006E-07     3.9584E-06     1.7089E-06     1.9792E-06     5.1097E+02     5.1097E+02
    1.5500E+01     5.5699E-05     1.4632E-03     1.1832E-04     4.6713E-06     2.0167E-06     2.3356E-06     5.7062E+02     5.7062E+02
    1.5600E+01     5.2991E-05     1.4145E-03     2.6231E-06     4.6371E-06     2.0020E-06     2.3186E-06     5.6783E+02     5.6783E+02
    1.5700E+01     5.0649E-05     1.3782E-03     1.2025E-06     3.9077E-06     1.6871E-06     1.9539E-06     5.0661E+02     5.0661E+02
    1.5800E+01     4.8701E-05     1.3491E-03     2.4526E-07     3.5440E-06     1.5300E-06     1.7720E-06     4.7466E+02     4.7466E+02
    1.5900E+01     4.7038E-05     1.3251E-03     2.7543E-07     4.0375E-06     1.7431E-06     2.0187E-06     5.1776E+02     5.1776E+02
    1.6000E+01     4.5530E-05     1.3034E-03     1.2004E-06     4.7148E-06     2.0355E-06     2.3574E-06     5.7416E+02     5.7416E+02
    1.6100E+01     4.4086E-05     1.2820E-03     1.4484E-06     4.5787E-06     1.9767E-06     2.2894E-06     5.6305E+02     5.6305E+02
    1.6200E+01     4.2614E-05     1.2580E-03     1.1128E-06     3.8356E-06     1.6559E-06     1.9178E-06     5.0036E+02     5.0036E+02
    1.6300E+01     4.1063E-05     1.2291E-03     2.4828E-07     3.5578E-06     1.5360E-06     1.7789E-06     4.7589E+02     4.7589E+02
    1.6400E+01     3.9462E-05     1.1964E-03     2.8100E-07     4.1190E-06     1.7783E-06     2.0595E-06     5.2471E+02     5.2471E+02
    1.6500E+01     3.7903E-05     1.1635E-03     1.2793E-06     4.7483E-06     2.0499E-06     2.3741E-06     5.7687E+02     5.7687E+02
    1.6600E+01     3.6448E-05     1.1330E-03     1.4339E-06     4.5129E-06     1.9483E-06     2.2564E-06     5.5764E+02     5.5764E+02
    1.6700E+01     3.5077E-05     1.1045E-03     1.0482E-06     3.7694E-06     1.6273E-06     1.8847E-06     4.9458E+02     4.9458E+02
    1.6800E+01     3.3780E-05     1.0779E-03     2.4707E-07     3.5817E-06     1.5463E-06     1.7908E-06     4.7802E+02     4.7802E+02
    1.6900E+01     3.2569E-05     1.0537E-03     2.8663E-07     4.2016E-06     1.8139E-06     2.1008E-06     5.3170E+02     5.3170E+02
    1.7000E+01     3.1471E-05     1.0330E-03     1.3335E-06     4.7709E-06     2.0597E-06     2.3855E-06     5.7870E+02     5.7870E+02
    1.7100E+01     3.0522E-05     1.0171E-03     1.4136E-06     4.4409E-06     1.9172E-06     2.2204E-06     5.5170E+02     5.5170E+02
    1.7200E+01     2.9747E-05     1.0070E-03     9.6470E-07     3.7100E-06     1.6017E-06     1.8550E-06     4.8937E+02     4.8937E+02
    1.7300E+01     2.9146E-05     1.0028E-03     2.4776E-07     3.6154E-06     1.5608E-06     1.8077E-06     4.8101E+02     4.8101E+02
    1.7400E+01     2.8639E-05     1.0018E-03     2.9223E-07     4.2837E-06     1.8494E-06     2.1419E-06     5.3860E+02     5.3860E+02
    1.7500E+01     2.8143E-05     9.9892E-04     1.3772E-06     4.7824E-06     2.0647E-06     2.3912E-06     5.7963E+02     5.7963E+02
    1.7600E+01     2.7056E-05     9.7753E-04     1.3894E-06     4.3640E-06     1.8841E-06     2.1820E-06     5.4531E+02     5.4531E+02
    1.7700E+01     2.8607E-05     8.8790E-04     2.4371E-04     3.6584E-06     1.5794E-06     1.8292E-06     4.8482E+02     4.8482E+02
    1.7800E+01     2.7654E-05     8.7227E-04     4.1188E-06     3.6583E-06     1.5794E-06     1.8292E-06     4.8482E+02     4.8482E+02
    1.7900E+01     2.7149E-05     8.7242E-04     3.0000E-07     4.3640E-06     1.8840E-06     2.1820E-06     5.4531E+02     5.4531E+02
    1.8000E+01     2.6657E-05     8.6671E-04     1.4054E-06     4.7824E-06     2.0647E-06     2.3912E-06     5.7963E+02     5.7963E+02
    1.8100E+01     2.6118E-05     8.5844E-04     1.3569E-06     4.2838E-06     1.8494E-06     2.1419E-06     5.3861E+02     5.3861E+02
    1.8200E+01     2.5442E-05     8.4787E-04     2.7015E-07     3.6154E-06     1.5609E-06     1.8077E-06     4.8102E+02     4.8102E+02
    1.8300E+01     2.4633E-05     8.3379E-04     2.5319E-07     3.7099E-06     1.6017E-06     1.8550E-06     4.8936E+02     4.8936E+02
    1.8400E+01     2.3739E-05     8.1591E-04     3.0295E-07     4.4408E-06     1.9172E-06     2.2204E-06     5.5169E+02     5.5169E+02
    1.8500E+01     2.2787E-05     7.9552E-04     1.4302E-06     4.7710E-06     2.0597E-06     2.3855E-06     5.7871E+02     5.7871E+02
    1.8600E+01     2.1883E-05     7.7775E-04     1.3225E-06     4.2017E-06     1.8140E-06     2.1008E-06     5.3170E+02     5.3170E+02
    1.8700E+01     2.1208E-05     7.6885E-04     2.6817E-07     3.5817E-06     1.5463E-06     1.7909E-06     4.7802E+02     4.7802E+02
    1.8800E+01     2.0764E-05     7.6678E-04     2.5722E-07     3.7693E-06     1.6273E-06     1.8846E-06     4.9457E+02     4.9457E+02
    1.8900E+01     2.0310E-05     7.6081E-04     3.0786E-07     4.5128E-06     1.9483E-06     2.2564E-06     5.5764E+02     5.5764E+02
    1.9000E+01     1.9696E-05     7.4659E-04     1.4472E-06     4.7483E-06     2.0500E-06     2.3741E-06     5.7687E+02     5.7687E+02
    1.9100E+01     1.8989E-05     7.2920E-04     1.2838E-06     4.1191E-06     1.7783E-06     2.0596E-06     5.2471E+02     5.2471E+02
    1.9200E+01     1.8236E-05     7.0995E-04     2.6421E-07     3.5578E-06     1.5360E-06     1.7789E-06     4.7589E+02     4.7589E+02
    1.9300E+01     1.7488E-05     6.8966E-04     2.6172E-07     3.8356E-06     1.6559E-06     1.9178E-06     5.0035E+02     5.0035E+02
    1.9400E+01     1.6768E-05     6.6945E-04     3.1235E-07     4.5787E-06     1.9767E-06     2.2893E-06     5.6305E+02     5.6305E+02
    1.9500E+01     1.6102E-05     6.5132E-04     1.4560E-06     4.7149E-06     2.0355E-06     2.3574E-06     5.7416E+02     5.7416E+02
    1.9600E+01     1.5544E-05     6.3807E-04     1.2414E-06     4.0376E-06     1.7431E-06     2.0188E-06     5.1777E+02     5.1777E+02
    1.9700E+01     1.5140E-05     6.3126E-04     2.5859E-07     3.5440E-06     1.5300E-06     1.7720E-06     4.7466E+02     4.7466E+02
    1.9800E+01     1.4846E-05     6.2820E-04     2.6661E-07     3.9077E-06     1.6870E-06     1.9538E-06     5.0660E+02     5.0660E+02
    1.9900E+01     1.4520E-05     6.2217E-04     3.1634E-07     4.6370E-06     2.0019E-06     2.3185E-06     5.6783E+02     5.6783E+02
    2.0000E+01     1.4070E-05     6.0941E-04     1.4571E-06     4.6713E-06     2.0167E-06     2.3357E-06     5.7062E+02     5.7062E+02
    2.0100E+01     1.3568E-05     5.9431E-04     1.1953E-06     3.9585E-06     1.7090E-06     1.9792E-06     5.1098E+02     5.1098E+02
    2.0200E+01     1.3078E-05     5.7958E-04     2.5310E-07     3.5405E-06     1.5285E-06     1.7703E-06     4.7435E+02     4.7435E+02
    2.0300E+01     1.2629E-05     5.6612E-04     2.7182E-07     3.9844E-06     1.7201E-06     1.9922E-06     5.1321E+02     5.1321E+02
    2.0400E+01     1.2231E-05     5.5459E-04     1.0881E-06     4.6869E-06     2.0234E-06     2.3434E-06     5.7189E+02     5.7189E+02
    2.0500E+01     1.1884E-05     5.4564E-04     1.4518E-06     4.6186E-06     1.9939E-06     2.3093E-06     5.6632E+02     5.6632E+02
    2.0600E+01     1.1598E-05     5.4006E-04     1.1435E-06     3.8831E-06     1.6764E-06     1.9416E-06     5.0448E+02     5.0448E+02
    2.0700E+01     1.1379E-05     5.3767E-04     2.4926E-07     3.5474E-06     1.5315E-06     1.7737E-06     4.7497E+02     4.7497E+02
    2.0800E+01     1.1181E-05     5.3550E-04     2.7728E-07     4.0644E-06     1.7547E-06     2.0322E-06     5.2006E+02     5.2006E+02
    2.0900E+01     1.0914E-05     5.2853E-04     1.2206E-06     4.7271E-06     2.0408E-06     2.3636E-06     5.7516E+02     5.7516E+02
    2.1000E+01     1.0557E-05     5.1638E-04     1.4412E-06     4.5576E-06     1.9676E-06     2.2788E-06     5.6132E+02     5.6132E+02
    2.1100E+01     1.0180E-05     5.0344E-04     1.0843E-06     3.8129E-06     1.6461E-06     1.9064E-06     4.9837E+02     4.9837E+02
    2.1200E+01     9.8287E-06     4.9181E-04     2.4708E-07     3.5646E-06     1.5389E-06     1.7823E-06     4.7650E+02     4.7650E+02
    2.1300E+01     9.5293E-06     4.8255E-04     2.8287E-07     4.1465E-06     1.7901E-06     2.0732E-06     5.2704E+02     5.2704E+02
    2.1400E+01     9.2894E-06     4.7609E-04     1.2920E-06     4.7570E-06     2.0537E-06     2.3785E-06     5.7758E+02     5.7758E+02
    2.1500E+01     9.0897E-06     4.7186E-04     1.4251E-06     4.4895E-06     1.9382E-06     2.2448E-06     5.5572E+02     5.5572E+02
    2.1600E+01     8.9041E-06     4.6854E-04     1.0126E-06     3.7488E-06     1.6184E-06     1.8744E-06     4.9277E+02     4.9277E+02
    2.1700E+01     8.6961E-06     4.6363E-04     2.4663E-07     3.5919E-06     1.5507E-06     1.7959E-06     4.7892E+02     4.7892E+02
    2.1800E+01     8.4288E-06     4.5438E-04     2.8850E-07     4.2291E-06     1.8258E-06     2.1145E-06     5.3401E+02     5.3401E+02
    2.1900E+01     8.1257E-06     4.4209E-04     1.3444E-06     4.7760E-06     2.0619E-06     2.3880E-06     5.7911E+02     5.7911E+02
    2.2000E+01     7.8452E-06     4.3080E-04     1.4038E-06     4.4158E-06     1.9064E-06     2.2079E-06     5.4961E+02     5.4961E+02
    2.2100E+01     7.5896E-06     4.2109E-04     9.0079E-07     3.6919E-06     1.5939E-06     1.8459E-06     4.8777E+02     4.8777E+02
    2.2200E+01     7.3610E-06     4.1312E-04     2.4791E-07     3.6287E-06     1.5666E-06     1.8143E-06     4.8219E+02     4.8219E+02
    2.2300E+01     7.1715E-06     4.0739E-04     2.9407E-07     4.3108E-06     1.8611E-06     2.1554E-06     5.4087E+02     5.4087E+02
    2.2400E+01     7.0307E-06     4.0422E-04     1.3846E-06     4.7837E-06     2.0652E-06     2.3918E-06     5.7973E+02     5.7973E+02
    2.2500E+01     6.9191E-06     4.0239E-04     1.3773E-06     4.3376E-06     1.8727E-06     2.1688E-06     5.4311E+02     5.4311E+02
    2.2600E+01     6.7796E-06     3.9854E-04     2.6794E-07     3.6431E-06     1.5728E-06     1.8215E-06     4.8347E+02     4.8347E+02
    2.2700E+01     6.5680E-06     3.8991E-04     2.5080E-07     3.6746E-06     1.5864E-06     1.8373E-06     4.8625E+02     4.8625E+02
    2.2800E+01     6.3160E-06     3.7854E-04     2.9948E-07     4.3900E-06     1.8953E-06     2.1950E-06     5.4748E+02     5.4748E+02
    2.2900E+01     6.0903E-06     3.6861E-04     1.4151E-06     4.7799E-06     2.0636E-06     2.3899E-06     5.7942E+02     5.7942E+02
    2.3000E+01     5.9136E-06     3.6143E-04     1.3461E-06     4.2566E-06     1.8377E-06     2.1283E-06     5.3633E+02     5.3633E+02
    2.3100E+01     5.7762E-06     3.5653E-04     2.6958E-07     3.6031E-06     1.5556E-06     1.8016E-06     4.7993E+02     4.7993E+02
    2.3200E+01     5.6595E-06     3.5304E-04     2.5447E-07     3.7289E-06     1.6098E-06     1.8644E-06     4.9103E+02     4.9103E+02
    2.3300E+01     5.5518E-06     3.5031E-04     3.0463E-07     4.4654E-06     1.9278E-06     2.2327E-06     5.5373E+02     5.5373E+02
    2.3400E+01     5.4450E-06     3.4761E-04     1.4371E-06     4.7647E-06     2.0570E-06     2.3823E-06     5.7820E+02     5.7820E+02
    2.3500E+01     5.3181E-06     3.4312E-04     1.3103E-06     4.1742E-06     1.8021E-06     2.0871E-06     5.2938E+02     5.2938E+02
    2.3600E+01     5.1577E-06     3.3569E-04     2.6680E-07     3.5727E-06     1.5424E-06     1.7863E-06     4.7722E+02     4.7722E+02
    2.3700E+01     4.9849E-06     3.2702E-04     2.5867E-07     3.7907E-06     1.6365E-06     1.8953E-06     4.9644E+02     4.9644E+02
    2.3800E+01     4.8254E-06     3.1929E-04     3.0941E-07     4.5355E-06     1.9581E-06     2.2678E-06     5.5951E+02     5.5951E+02
    2.3900E+01     4.6834E-06     3.1292E-04     1.4513E-06     4.7384E-06     2.0457E-06     2.3692E-06     5.7607E+02     5.7607E+02
    2.4000E+01     4.5628E-06     3.0809E-04     1.2699E-06     4.0918E-06     1.7665E-06     2.0459E-06     5.2239E+02     5.2239E+02
    2.4100E+01     4.4714E-06     3.0516E-04     2.6254E-07     3.5521E-06     1.5335E-06     1.7761E-06     4.7539E+02     4.7539E+02
    2.4200E+01     4.4084E-06     3.0397E-04     2.6331E-07     3.8591E-06     1.6661E-06     1.9295E-06     5.0239E+02     5.0239E+02
    2.4300E+01     4.3518E-06     3.0300E-04     3.1375E-07     4.5991E-06     1.9855E-06     2.2996E-06     5.6472E+02     5.6472E+02
    2.4400E+01     4.2626E-06     2.9951E-04     1.4573E-06     4.7016E-06     2.0298E-06     2.3508E-06     5.7308E+02     5.7308E+02
    2.4500E+01     4.1203E-06     2.9203E-04     1.2267E-06     4.0110E-06     1.7317E-06     2.0055E-06     5.1549E+02     5.1549E+02
    2.4600E+01     3.9621E-06     2.8329E-04     2.5652E-07     3.5419E-06     1.5291E-06     1.7709E-06     4.7447E+02     4.7447E+02
    2.4700E+01     3.8289E-06     2.7624E-04     2.6833E-07     3.9330E-06     1.6980E-06     1.9665E-06     5.0879E+02     5.0879E+02
    2.4800E+01     3.7320E-06     2.7166E-04     6.5475E-07     4.6549E-06     2.0096E-06     2.3275E-06     5.6928E+02     5.6928E+02
    2.4900E+01     3.6635E-06     2.6903E-04     1.4560E-06     4.6550E-06     2.0097E-06     2.3275E-06     5.6929E+02     5.6929E+02
    2.5000E+01     3.6060E-06     2.6731E-04     1.1788E-06     3.9332E-06     1.6981E-06     1.9666E-06     5.0881E+02     5.0881E+02
    2.5100E+01     3.5485E-06     2.6574E-04     2.5162E-07     3.5421E-06     1.5292E-06     1.7710E-06     4.7449E+02     4.7449E+02
    2.5200E+01     3.4844E-06     2.6364E-04     2.7365E-07     4.0113E-06     1.7318E-06     2.0056E-06     5.1552E+02     5.1552E+02
    2.5300E+01     3.4023E-06     2.5988E-04     1.1482E-06     4.7020E-06     2.0300E-06     2.3510E-06     5.7312E+02     5.7312E+02
    2.5400E+01     3.2975E-06     2.5389E-04     1.4491E-06     4.5999E-06     1.9859E-06     2.2999E-06     5.6479E+02     5.6479E+02
    2.5500E+01     3.1905E-06     2.4744E-04     1.1249E-06     3.8600E-06     1.6665E-06     1.9300E-06     5.0247E+02     5.0247E+02
    2.5600E+01     3.0942E-06     2.4187E-04     2.4838E-07     3.5531E-06     1.5339E-06     1.7765E-06     4.7547E+02     4.7547E+02
    2.5700E+01     3.0082E-06     2.3723E-04     2.7922E-07     4.0929E-06     1.7670E-06     2.0465E-06     5.2249E+02     5.2249E+02
    2.5800E+01     2.9353E-06     2.3372E-04     1.2478E-06     4.7399E-06     2.0463E-06     2.3700E-06     5.7619E+02     5.7619E+02
    2.5900E+01     2.8818E-06     2.3173E-04     1.4368E-06     4.5376E-06     1.9590E-06     2.2688E-06     5.5968E+02     5.5968E+02
    2.6000E+01     2.8505E-06     2.3134E-04     1.0625E-06     3.7930E-06     1.6375E-06     1.8965E-06     4.9664E+02     4.9664E+02
    2.6100E+01     2.8257E-06     2.3129E-04     2.4689E-07     3.5752E-06     1.5435E-06     1.7876E-06     4.7744E+02     4.7744E+02
    2.6200E+01     2.7794E-06     2.2935E-04     2.8497E-07     4.1773E-06     1.8035E-06     2.0887E-06     5.2965E+02     5.2965E+02
    2.6300E+01     2.6930E-06     2.2400E-04     1.3117E-06     4.7688E-06     2.0588E-06     2.3844E-06     5.7853E+02     5.7853E+02
    2.6400E+01     2.5864E-06     2.1692E-04     1.4196E-06     4.4704E-06     1.9300E-06     2.2352E-06     5.5414E+02     5.5414E+02
    2.6500E+01     2.4944E-06     2.1100E-04     9.8355E-07     3.7345E-06     1.6123E-06     1.8673E-06     4.9152E+02     4.9152E+02
    2.6600E+01     2.4314E-06     2.0736E-04     2.4729E-07     3.6097E-06     1.5584E-06     1.8048E-06     4.8051E+02     4.8051E+02
    2.6700E+01     2.3929E-06     2.0566E-04     2.9094E-07     4.2649E-06     1.8412E-06     2.1324E-06     5.3702E+02     5.3702E+02
    2.6800E+01     2.3646E-06     2.0486E-04     1.3606E-06     4.7903E-06     2.0681E-06     2.3952E-06     5.8027E+02     5.8027E+02
    2.6900E+01     2.3354E-06     2.0410E-04     1.3979E-06     4.4024E-06     1.9006E-06     2.2012E-06     5.4850E+02     5.4850E+02
    2.7000E+01     2.3023E-06     2.0308E-04     8.0180E-07     3.6886E-06     1.5924E-06     1.8443E-06     4.8748E+02     4.8748E+02
    2.7100E+01     2.2637E-06     2.0150E-04     2.4984E-07     3.6597E-06     1.5800E-06     1.8298E-06     4.8493E+02     4.8493E+02
    2.7200E+01     2.2167E-06     1.9891E-04     2.9735E-07     4.3587E-06     1.8818E-06     2.1794E-06     5.4487E+02     5.4487E+02
    2.7300E+01     2.1613E-06     1.9526E-04     1.4001E-06     4.8100E-06     2.0766E-06     2.4050E-06     5.8186E+02     5.8186E+02
    2.7400E+01     2.1076E-06     1.9163E-04     1.3734E-06     4.3415E-06     1.8743E-06     2.1707E-06     5.4343E+02     5.4343E+02
    2.7500E+01     2.0574E-06     1.8839E-04     2.7176E-07     3.6635E-06     1.5816E-06     1.8318E-06     4.8527E+02     4.8527E+02
    2.7600E+01     2.0103E-06     1.8554E-04     2.5482E-07     3.7338E-06     1.6120E-06     1.8669E-06     4.9146E+02     4.9146E+02
    2.7700E+01     1.9695E-06     1.8333E-04     3.0489E-07     4.4693E-06     1.9295E-06     2.2346E-06     5.5405E+02     5.5405E+02
    2.7800E+01     1.9407E-06     1.8222E-04     1.4348E-06     4.8423E-06     2.0905E-06     2.4211E-06     5.8446E+02     5.8446E+02
    2.7900E+01     1.9285E-06     1.8254E-04     1.3493E-06     4.3057E-06     1.8589E-06     2.1529E-06     5.4044E+02     5.4044E+02
    2.8000E+01     1.9261E-06     1.8362E-04     2.7412E-07     3.6791E-06     1.5884E-06     1.8395E-06     4.8665E+02     4.8665E+02
    2.8100E+01     1.9135E-06     1.8362E-04     2.6306E-07     3.8551E-06     1.6643E-06     1.9275E-06     5.0204E+02     5.0204E+02
    2.8200E+01     1.8743E-06     1.8104E-04     3.1553E-07     4.6253E-06     1.9968E-06     2.3126E-06     5.6687E+02     5.6687E+02
    2.8300E+01     1.8154E-06     1.7657E-04     1.4726E-06     4.9238E-06     2.1257E-06     2.4619E-06     5.9100E+02     5.9100E+02
    2.8400E+01     1.7586E-06     1.7233E-04     1.3323E-06     4.3384E-06     1.8730E-06     2.1692E-06     5.4317E+02     5.4317E+02
    2.8500E+01     1.7134E-06     1.6923E-04     2.7812E-07     3.7844E-06     1.6338E-06     1.8922E-06     4.9589E+02     4.9589E+02
    2.8600E+01     1.6845E-06     1.6766E-04     2.7861E-07     4.0833E-06     1.7629E-06     2.0417E-06     5.2167E+02     5.2167E+02
    2.8700E+01     1.6708E-06     1.6751E-04     3.3447E-07     4.9029E-06     2.1167E-06     2.4515E-06     5.8933E+02     5.8933E+02
    2.8800E+01     1.6652E-06     1.6809E-04     1.5306E-06     5.1485E-06     2.2227E-06     2.5742E-06     6.0885E+02     6.0885E+02
    2.8900E+01     1.6540E-06     1.6805E-04     1.3380E-06     4.5485E-06     1.9637E-06     2.2742E-06     5.6057E+02     5.6057E+02
    2.9000E+01     1.6237E-06     1.6606E-04     2.9214E-07     4.1067E-06     1.7729E-06     2.0533E-06     5.2366E+02     5.2366E+02
    2.9100E+01     1.5738E-06     1.6203E-04     3.1232E-07     4.5781E-06     1.9765E-06     2.2890E-06     5.6300E+02     5.6300E+02
    2.9200E+01     1.5198E-06     1.5756E-04     3.7558E-07     5.5055E-06     2.3769E-06     2.7527E-06     6.3668E+02     6.3668E+02
    2.9300E+01     1.4747E-06     1.5399E-04     1.6481E-06     5.7645E-06     2.4887E-06     2.8822E-06     6.5649E+02     6.5649E+02
    2.9400E+01     1.4416E-06     1.5163E-04     1.3811E-06     5.2258E-06     2.2561E-06     2.6129E-06     6.1492E+02     6.1492E+02
    2.9500E+01     1.4200E-06     1.5043E-04     3.4277E-07     4.9942E-06     2.1561E-06     2.4971E-06     5.9662E+02     5.9662E+02
    2.9600E+01     1.4063E-06     1.5002E-04     3.9457E-07     5.7839E-06     2.4970E-06     2.8920E-06     6.5796E+02     6.5796E+02
    2.9700E+01     1.3941E-06     1.4974E-04     4.7763E-07     7.0015E-06     3.0227E-06     3.5007E-06     7.4733E+02     7.4733E+02
    2.9800E+01     1.3735E-06     1.4850E-04     1.8795E-06     7.4696E-06     3.2248E-06     3.7348E-06     7.8028E+02     7.8028E+02
    2.9900E+01     1.3383E-06     1.4563E-04     4.9621E-07     7.2089E-06     3.1122E-06     3.6044E-06     7.6202E+02     7.6202E+02
    3.0000E+01     1.2960E-06     1.4194E-04     5.1097E-07     7.4902E-06     3.2337E-06     3.7451E-06     7.8171E+02     7.8171E+02
    3.0100E+01     1.2585E-06     1.3875E-04     6.1750E-07     9.0517E-06     3.9078E-06     4.5259E-06     8.8690E+02     8.8690E+02
    3.0200E+01     1.2295E-06     1.3648E-04     7.5929E-07     1.1130E-05     4.8052E-06     5.5651E-06     1.0179E+03     1.0179E+03
    3.0300E+01     1.2088E-06     1.3511E-04     8.4896E-07     1.2445E-05     5.3727E-06     6.2223E-06     1.0966E+03     1.0966E+03
    3.0400E+01     1.1947E-06     1.3445E-04     9.0197E-07     1.3222E-05     5.7081E-06     6.6109E-06     1.1418E+03     1.1418E+03
    3.0500E+01     1.1839E-06     1.3414E-04     1.0295E-06     1.5091E-05     6.5152E-06     7.5455E-06     1.2470E+03     1.2470E+03
    3.0600E+01     1.1699E-06     1.3343E-04     1.2932E-06     1.8956E-05     8.1839E-06     9.4782E-06     1.4517E+03     1.4517E+03
    3.0700E+01     1.1454E-06     1.3146E-04     1.6262E-06     2.3838E-05     1.0292E-05     1.1919E-05     1.6914E+03     1.6914E+03
    3.0800E+01     1.1111E-06     1.2833E-04     1.9324E-06     2.8327E-05     1.2229E-05     1.4163E-05     1.8975E+03     1.8975E+03
    3.0900E+01     1.0777E-06     1.2526E-04     2.2585E-06     3.3107E-05     1.4293E-05     1.6553E-05     2.1054E+03     2.1054E+03
    3.1000E+01     1.0509E-06     1.2296E-04     2.7738E-06     4.0660E-05     1.7554E-05     2.0330E-05     2.4145E+03     2.4145E+03
    3.1100E+01     1.0314E-06     1.2147E-04     3.5754E-06     5.2411E-05     2.2627E-05     2.6205E-05     2.8598E+03     2.8598E+03
    3.1200E+01     1.0182E-06     1.2071E-04     4.5891E-06     6.7271E-05     2.9042E-05     3.3635E-05     3.3776E+03     3.3776E+03
    3.1300E+01     1.0091E-06     1.2042E-04     5.7303E-06     8.3999E-05     3.6264E-05     4.1999E-05     3.9165E+03     3.9165E+03
    3.1400E+01     9.9986E-07     1.2009E-04     7.1389E-06     1.0465E-04     4.5179E-05     5.2324E-05     4.5346E+03     4.5346E+03
    3.1500E+01     9.8382E-07     1.1890E-04     9.1338E-06     1.3389E-04     5.7803E-05     6.6945E-05     5.3442E+03     5.3442E+03
    3.1600E+01     9.5754E-07     1.1643E-04     1.1929E-05     1.7486E-04     7.5490E-05     8.7429E-05     6.3852E+03     6.3852E+03
    3.1700E+01     9.2799E-07     1.1353E-04     1.5516E-05     2.2744E-04     9.8191E-05     1.1372E-04     7.6085E+03     7.6085E+03
    3.1800E+01     9.0304E-07     1.1117E-04     1.9946E-05     2.9239E-04     1.2623E-04     1.4619E-04     8.9955E+03     8.9955E+03
    3.1900E+01     8.8426E-07     1.0956E-04     2.5672E-05     3.7632E-04     1.6247E-04     1.8816E-04     1.0644E+04     1.0644E+04
    3.2000E+01     8.7146E-07     1.0866E-04     3.3452E-05     4.9037E-04     2.1170E-04     2.4518E-04     1.2698E+04     1.2698E+04
    3.2100E+01     8.6337E-07     1.0833E-04     4.3933E-05     6.4400E-04     2.7803E-04     3.2200E-04     1.5228E+04     1.5228E+04
    3.2200E+01     8.5701E-07     1.0820E-04     5.7551E-05     8.4363E-04     3.6421E-04     4.2181E-04     1.8231E+04     1.8231E+04
    3.2300E+01     8.4706E-07     1.0758E-04     7.5042E-05     1.1000E-03     4.7490E-04     5.5001E-04     2.1760E+04     2.1760E+04
    3.2400E+01     8.2810E-07     1.0578E-04     9.7975E-05     1.4362E-03     6.2004E-04     7.1809E-04     2.5993E+04     2.5993E+04
    3.2500E+01     8.0297E-07     1.0316E-04     1.2860E-04     1.8851E-03     8.1383E-04     9.4253E-04     3.1161E+04     3.1161E+04
    3.2600E+01     7.8013E-07     1.0081E-04     1.6926E-04     2.4812E-03     1.0712E-03     1.2406E-03     3.7425E+04     3.7425E+04
    3.2700E+01     7.6227E-07     9.9090E-05     2.2249E-04     3.2614E-03     1.4080E-03     1.6307E-03     4.4908E+04     4.4908E+04
    3.2800E+01     7.4975E-07     9.8037E-05     2.9194E-04     4.2795E-03     1.8476E-03     2.1398E-03     5.3825E+04     5.3825E+04
    3.2900E+01     7.4204E-07     9.7586E-05     3.8339E-04     5.6201E-03     2.4263E-03     2.8100E-03     6.4548E+04     6.4548E+04
    3.3000E+01     7.3729E-07     9.7504E-05     5.0459E-04     7.3967E-03     3.1933E-03     3.6984E-03     7.7520E+04     7.7520E+04
    3.3100E+01     7.3148E-07     9.7257E-05     6.6474E-04     9.7443E-03     4.2068E-03     4.8722E-03     9.3158E+04     9.3158E+04
    3.3200E+01     7.1776E-07     9.5908E-05     8.7515E-04     1.2829E-02     5.5384E-03     6.4143E-03     1.1190E+05     1.1190E+05
    3.3300E+01     6.9673E-07     9.3535E-05     1.1514E-03     1.6878E-02     7.2868E-03     8.4392E-03     1.3436E+05     1.3436E+05
    3.3400E+01     6.7697E-07     9.1311E-05     1.5156E-03     2.2217E-02     9.5914E-03     1.1108E-02     1.6138E+05     1.6138E+05
    3.3500E+01     6.6027E-07     8.9475E-05     1.9967E-03     2.9269E-02     1.2636E-02     1.4634E-02     1.9394E+05     1.9394E+05
    3.3600E+01     6.4784E-07     8.8172E-05     2.6313E-03     3.8572E-02     1.6652E-02     1.9286E-02     2.3311E+05     2.3311E+05
    3.3700E+01     6.4023E-07     8.7482E-05     3.4666E-03     5.0816E-02     2.1939E-02     2.5408E-02     2.8015E+05     2.8015E+05
    3.3800E+01     6.3681E-07     8.7337E-05     4.5661E-03     6.6933E-02     2.8896E-02     3.3466E-02     3.3662E+05     3.3662E+05
    3.3900E+01     6.3101E-07     8.6798E-05     6.0155E-03     8.8180E-02     3.8069E-02     4.4090E-02     4.0455E+05     4.0455E+05
    3.4000E+01     6.1583E-07     8.4869E-05     7.9279E-03     1.1621E-01     5.0172E-02     5.8107E-02     4.8629E+05     4.8629E+05
    3.4100E+01     5.9970E-07     8.2749E-05     1.0449E-02     1.5317E-01     6.6128E-02     7.6586E-02     5.8458E+05     5.8458E+05
    3.4200E+01     5.8270E-07     8.0446E-05     1.3771E-02     2.0186E-01     8.7147E-02     1.0093E-01     7.0267E+05     7.0267E+05
    3.4300E+01     5.6748E-07     7.8338E-05     1.8146E-02     2.6600E-01     1.1484E-01     1.3300E-01     8.4459E+05     8.4459E+05
    3.4400E+01     5.5377E-07     7.6339E-05     2.3915E-02     3.5056E-01     1.5135E-01     1.7528E-01     1.0152E+06     1.0152E+06
    3.4500E+01     5.4086E-07     7.4315E-05     3.1522E-02     4.6207E-01     1.9949E-01     2.3103E-01     1.2205E+06     1.2205E+06
    3.4600E+01     5.2865E-07     7.2268E-05     4.1549E-02     6.0905E-01     2.6294E-01     3.0453E-01     1.4672E+06     1.4672E+06
    3.4700E+01     5.1505E-07     6.9891E-05     5.4763E-02     8.0275E-01     3.4657E-01     4.0138E-01     1.7638E+06     1.7638E+06
    3.4800E+01     4.9869E-07     6.6979E-05     7.2178E-02     1.0580E+00     4.5678E-01     5.2902E-01     2.1202E+06     2.1202E+06
    3.4900E+01     4.7876E-07     6.3419E-05     9.5135E-02     1.3946E+00     6.0206E-01     6.9728E-01     2.5489E+06     2.5489E+06
    3.5000E+01     4.5664E-07     5.9379E-05     1.2540E-01     1.8382E+00     7.9360E-01     9.1911E-01     3.0642E+06     3.0642E+06
    3.5100E+01     4.3142E-07     5.4746E-05     1.6530E-01     2.4230E+00     1.0461E+00     1.2115E+00     3.6838E+06     3.6838E+06
    3.5200E+01     4.0584E-07     4.9854E-05     2.1788E-01     3.1938E+00     1.3788E+00     1.5969E+00     4.4285E+06     4.4285E+06
    3.5300E+01     3.8077E-07     4.4770E-05     2.8719E-01     4.2098E+00     1.8175E+00     2.1049E+00     5.3239E+06     5.3239E+06
    3.5400E+01     3.5673E-07     3.9491E-05     3.7855E-01     5.5490E+00     2.3957E+00     2.7745E+00     6.4003E+06     6.4003E+06
    3.5500E+01     3.3222E-07     3.3821E-05     4.9899E-01     7.3145E+00     3.1578E+00     3.6572E+00     7.6944E+06     7.6944E+06
    3.5600E+01     3.0506E-07     2.7667E-05     6.5774E-01     9.6417E+00     4.1625E+00     4.8208E+00     9.2503E+06     9.2503E+06
    3.5700E+01     2.6494E-07     2.0796E-05     8.6700E-01     1.2709E+01     5.4868E+00     6.3545E+00     1.1121E+07     1.1121E+07
    3.5800E+01     2.0012E-07     1.3562E-05     1.1428E+00     1.6752E+01     7.2324E+00     8.3762E+00     1.3369E+07     1.3369E+07
    3.5900E+01     1.2461E-07     7.1899E-06     1.5064E+00     2.2082E+01     9.5334E+00     1.1041E+01     1.6072E+07     1.6072E+07
    3.6000E+01     5.5098E-08     2.6709E-06     1.9857E+00     2.9108E+01     1.2567E+01     1.4554E+01     1.9322E+07     1.9322E+07
    3.6100E+01     1.3208E-08     5.4546E-07     2.6175E+00     3.8369E+01     1.6565E+01     1.9185E+01     2.3230E+07     2.3230E+07
    3.6200E+01     1.2202E-09     4.4310E-08     3.4503E+00     5.0577E+01     2.1835E+01     2.5288E+01     2.7927E+07     2.7927E+07
    3.6300E+01     3.0014E-11     9.9682E-10     4.5480E+00     6.6668E+01     2.8782E+01     3.3334E+01     3.3574E+07     3.3574E+07
    3.6400E+01     1.4926E-13     5.7116E-12     5.9950E+00     8.7879E+01     3.7939E+01     4.3940E+01     4.0362E+07     4.0362E+07
    3.6500E+01     7.7418E-15     9.9608E-13     7.9024E+00     1.1584E+02     5.0011E+01     5.7920E+01     4.8524E+07     4.8524E+07
    3.6600E+01     5.6548E-15     6.4734E-13     1.0417E+01     1.5270E+02     6.5922E+01     7.6348E+01     5.8336E+07     5.8336E+07
    3.6700E+01     3.3652E-15     3.2459E-13     1.3731E+01     2.0128E+02     8.6896E+01     1.0064E+02     7.0132E+07     7.0132E+07
    3.6800E+01     1.2453E-15     9.8604E-14     1.8100E+01     2.6532E+02     1.1454E+02     1.3266E+02     8.4314E+07     8.4314E+07
    3.6900E+01     1.9071E-16     1.2476E-14     2.3858E+01     3.4973E+02     1.5099E+02     1.7487E+02     1.0136E+08     1.0136E+08
    3.7000E+01     7.4257E-18     4.0742E-16     3.1449E+01     4.6101E+02     1.9903E+02     2.3050E+02     1.2186E+08     1.2186E+08
    3.7100E+01     0.0000E+00     2.1058E-18     4.1455E+01     6.0768E+02     2.6235E+02     3.0384E+02     1.4650E+08     1.4650E+08
    3.7200E+01     0.0000E+00     0.0000E+00     5.4645E+01     8.0103E+02     3.4582E+02     4.0051E+02     1.7612E+08     1.7612E+08
    3.7300E+01     0.0000E+00     0.0000E+00     7.2031E+01     1.0559E+03     4.5585E+02     5.2794E+02     2.1174E+08     2.1174E+08
    3.7400E+01     0.0000E+00     0.0000E+00     9.4949E+01     1.3918E+03     6.0089E+02     6.9592E+02     2.5455E+08     2.5455E+08
    3.7500E+01     0.0000E+00     1.6806E-19     1.2516E+02     1.8347E+03     7.9207E+02     9.1734E+02     3.0603E+08     3.0603E+08
    3.7600E+01     0.0000E+00     4.0000E-20     1.6498E+02     2.4184E+03     1.0441E+03     1.2092E+03     3.6791E+08     3.6791E+08
    3.7700E+01     2.0398E-19     1.2117E-19     2.1747E+02     3.1879E+03     1.3763E+03     1.5939E+03     4.4230E+08     4.4230E+08
    3.7800E+01     0.0000E+00     0.0000E+00     2.8666E+02     4.2021E+03     1.8142E+03     2.1011E+03     5.3174E+08     5.3174E+08
    3.7900E+01     0.0000E+00     0.0000E+00     3.7787E+02     5.5391E+03     2.3914E+03     2.7696E+03     6.3927E+08     6.3927E+08
    3.8000E+01     0.0000E+00     0.0000E+00     4.9810E+02     7.3015E+03     3.1522E+03     3.6507E+03     7.6853E+08     7.6853E+08
    3.8100E+01     0.0000E+00     0.0000E+00     6.5658E+02     9.6246E+03     4.1552E+03     4.8123E+03     9.2394E+08     9.2394E+08
    3.8200E+01     5.0743E-20     0.0000E+00     8.6548E+02     1.2687E+04     5.4772E+03     6.3434E+03     1.1108E+09     1.1108E+09
    3.8300E+01     0.0000E+00     0.0000E+00     1.1408E+03     1.6723E+04     7.2199E+03     8.3617E+03     1.3354E+09     1.3354E+09
    3.8400E+01     0.0000E+00     0.0000E+00     1.5038E+03     2.2044E+04     9.5170E+03     1.1022E+04     1.6054E+09     1.6054E+09
    3.8500E+01     0.0000E+00     0.0000E+00     1.9823E+03     2.9058E+04     1.2545E+04     1.4529E+04     1.9300E+09     1.9300E+09
    3.8600E+01     0.0000E+00     0.0000E+00     2.6130E+03     3.8303E+04     1.6536E+04     1.9152E+04     2.3203E+09     2.3203E+09
    3.8700E+01     0.0000E+00     0.0000E+00     3.4444E+03     5.0490E+04     2.1798E+04     2.5245E+04     2.7895E+09     2.7895E+09
    3.8800E+01     0.0000E+00     0.0000E+00     4.5403E+03     6.6555E+04     2.8733E+04     3.3277E+04     3.3536E+09     3.3536E+09
    3.8900E+01     0.0000E+00     0.0000E+00     5.9848E+03     8.7730E+04     3.7875E+04     4.3865E+04     4.0317E+09     4.0317E+09
    3.9000E+01     0.0000E+00     0.0000E+00     7.8890E+03     1.1564E+05     4.9926E+04     5.7822E+04     4.8469E+09     4.8469E+09
    3.9100E+01     0.0000E+00     0.0000E+00     1.0399E+04     1.5244E+05     6.5811E+04     7.6219E+04     5.8270E+09     5.8270E+09
    3.9200E+01     0.0000E+00     0.0000E+00     1.3708E+04     2.0094E+05     8.6750E+04     1.0047E+05     7.0053E+09     7.0053E+09
    3.9300E+01     0.0000E+00     0.0000E+00     1.8069E+04     2.6487E+05     1.1435E+05     1.3243E+05     8.4219E+09     8.4219E+09
    3.9400E+01     0.0000E+00     0.0000E+00     1.5073E+05     3.4914E+05     1.5073E+05     1.7457E+05     1.0125E+10     1.0125E+10
    3.9500E+01     0.0000E+00     0.0000E+00     1.6527E+05     4.6023E+05     1.9869E+05     2.3011E+05     1.2172E+10     1.2172E+10
