   -8.0000E+00     3.4910E-28     8.5016E-28     1.2102E-06     4.6869E-06     2.0234E-06     2.3435E-06     5.7189E+02     5.7189E+02
   -7.9000E+00     3.4910E-28     8.5015E-28     1.2043E-06     4.6185E-06     1.9939E-06     2.3093E-06     5.6631E+02     5.6631E+02
   -7.8000E+00     3.4910E-28     8.5015E-28     1.1367E-06     3.8831E-06     1.6764E-06     1.9415E-06     5.0447E+02     5.0447E+02
   -7.7000E+00     3.4974E-28     8.5078E-28     2.5333E-07     3.5474E-06     1.5315E-06     1.7737E-06     4.7497E+02     4.7497E+02
   -7.6000E+00     3.4993E-28     8.5080E-28     2.7729E-07     4.0645E-06     1.7547E-06     2.0323E-06     5.2007E+02     5.2007E+02
   -7.5000E+00     3.4856E-28     8.4845E-28     1.2209E-06     4.7272E-06     2.0408E-06     2.3636E-06     5.7516E+02     5.7516E+02
   -7.4000E+00     3.4692E-28     8.4606E-28     1.4412E-06     4.5575E-06     1.9676E-06     2.2788E-06     5.6131E+02     5.6131E+02
   -7.3000E+00     3.4703E-28     8.4607E-28     1.0841E-06     3.8128E-06     1.6461E-06     1.9064E-06     4.9837E+02     4.9837E+02
   -7.2000E+00     3.4788E-28     8.4679E-28     2.4705E-07     3.5647E-06     1.5389E-06     1.7823E-06     4.7650E+02     4.7650E+02
   -7.1000E+00     3.4796E-28     8.4656E-28     2.8287E-07     4.1466E-06     1.7902E-06     2.0733E-06     5.2704E+02     5.2704E+02
   -7.0000E+00     3.4666E-28     8.4445E-28     1.2922E-06     4.7571E-06     2.0537E-06     2.3785E-06     5.7758E+02     5.7758E+02
   -6.9000E+00     3.4518E-28     8.4278E-28     1.4251E-06     4.4895E-06     1.9382E-06     2.2447E-06     5.5571E+02     5.5571E+02
   -6.8000E+00     3.4538E-28     8.4539E-28     1.0124E-06     3.7487E-06     1.6184E-06     1.8744E-06     4.9277E+02     4.9277E+02
   -6.7000E+00     3.4636E-28     8.5615E-28     2.4662E-07     3.5919E-06     1.5507E-06     1.7959E-06     4.7893E+02     4.7893E+02
   -6.6000E+00     3.4637E-28     8.9315E-28     2.8851E-07     4.2292E-06     1.8258E-06     2.1146E-06     5.3402E+02     5.3402E+02
   -6.5000E+00     3.4552E-28     1.0295E-27     1.3445E-06     4.7760E-06     2.0619E-06     2.3880E-06     5.7912E+02     5.7912E+02
   -6.4000E+00     3.4570E-28     1.5268E-27     1.4037E-06     4.4157E-06     1.9064E-06     2.2078E-06     5.4961E+02     5.4961E+02
   -6.3000E+00     3.5163E-28     3.2926E-27     9.0039E-07     3.6918E-06     1.5939E-06     1.8459E-06     4.8777E+02     4.8777E+02
   -6.2000E+00     3.7227E-28     9.4058E-27     2.4791E-07     3.6287E-06     1.5666E-06     1.8144E-06     4.8220E+02     4.8220E+02
   -6.1000E+00     4.3841E-28     3.0146E-26     2.9408E-07     4.3108E-06     1.8611E-06     2.1554E-06     5.4087E+02     5.4087E+02
   -6.0000E+00     6.5862E-28     9.9144E-26     1.3847E-06     4.7837E-06     2.0652E-06     2.3918E-06     5.7973E+02     5.7973E+02
   -5.9000E+00     1.3793E-27     3.2404E-25     1.3773E-06     4.3376E-06     1.8726E-06     2.1688E-06     5.4310E+02     5.4310E+02
   -5.8000E+00     3.6849E-27     1.0419E-24     2.6771E-07     3.6430E-06     1.5728E-06     1.8215E-06     4.8346E+02     4.8346E+02
   -5.7000E+00     1.0900E-26     3.2885E-24     2.5080E-07     3.6746E-06     1.5864E-06     1.8373E-06     4.8626E+02     4.8626E+02
   -5.6000E+00     3.3022E-26     1.0178E-23     2.9949E-07     4.3901E-06     1.8953E-06     2.1950E-06     5.4748E+02     5.4748E+02
   -5.5000E+00     9.9527E-26     3.0889E-23     1.4151E-06     4.7798E-06     2.0636E-06     2.3899E-06     5.7942E+02     5.7942E+02
   -5.4000E+00     2.9541E-25     9.1888E-23     1.3460E-06     4.2565E-06     1.8376E-06     2.1283E-06     5.3632E+02     5.3632E+02
   -5.3000E+00     8.6038E-25     2.6782E-22     2.6949E-07     3.6031E-06     1.5555E-06     1.8016E-06     4.7992E+02     4.7992E+02
   -5.2000E+00     2.4579E-24     7.6525E-22     2.5448E-07     3.7289E-06     1.6099E-06     1.8645E-06     4.9103E+02     4.9103E+02
   -5.1000E+00     6.8840E-24     2.1434E-21     3.0463E-07     4.4655E-06     1.9278E-06     2.2327E-06     5.5373E+02     5.5373E+02
   -5.0000E+00     1.8905E-23     5.8863E-21     1.4371E-06     4.7646E-06     2.0570E-06     2.3823E-06     5.7819E+02     5.7819E+02
   -4.9000E+00     5.0891E-23     1.5845E-20     1.3102E-06     4.1741E-06     1.8020E-06     2.0870E-06     5.2937E+02     5.2937E+02
   -4.8000E+00     1.3423E-22     4.1787E-20     2.6675E-07     3.5726E-06     1.5424E-06     1.7863E-06     4.7721E+02     4.7721E+02
   -4.7000E+00     3.4711E-22     1.0804E-19     2.5867E-07     3.7907E-06     1.6365E-06     1.8954E-06     4.9644E+02     4.9644E+02
   -4.6000E+00     8.7986E-22     2.7381E-19     3.0941E-07     4.5356E-06     1.9581E-06     2.2678E-06     5.5951E+02     5.5951E+02
   -4.5000E+00     2.1867E-21     6.8037E-19     1.4512E-06     4.7383E-06     2.0456E-06     2.3691E-06     5.7606E+02     5.7606E+02
   -4.4000E+00     5.3278E-21     1.6571E-18     1.2698E-06     4.0917E-06     1.7665E-06     2.0458E-06     5.2238E+02     5.2238E+02
   -4.3000E+00     1.2723E-20     3.9545E-18     2.6250E-07     3.5520E-06     1.5335E-06     1.7760E-06     4.7538E+02     4.7538E+02
   -4.2000E+00     2.9794E-20     9.2510E-18     2.6331E-07     3.8591E-06     1.6660E-06     1.9295E-06     5.0239E+02     5.0239E+02
   -4.1000E+00     6.8388E-20     2.1214E-17     3.1374E-07     4.5991E-06     1.9855E-06     2.2995E-06     5.6472E+02     5.6472E+02
   -4.0000E+00     1.5392E-19     4.7698E-17     1.4572E-06     4.7014E-06     2.0297E-06     2.3507E-06     5.7307E+02     5.7307E+02
   -3.9000E+00     3.3992E-19     1.0512E-16     1.2266E-06     4.0108E-06     1.7316E-06     2.0054E-06     5.1548E+02     5.1548E+02
   -3.8000E+00     7.3712E-19     2.2699E-16     2.5649E-07     3.5417E-06     1.5290E-06     1.7708E-06     4.7445E+02     4.7445E+02
   -3.7000E+00     1.5696E-18     4.8048E-16     2.6832E-07     3.9328E-06     1.6979E-06     1.9664E-06     5.0877E+02     5.0877E+02
   -3.6000E+00     3.2757E-18     9.9698E-16     6.4749E-07     4.6547E-06     2.0095E-06     2.3273E-06     5.6927E+02     5.6927E+02
   -3.5000E+00     6.7105E-18     2.0283E-15     1.4560E-06     4.6547E-06     2.0095E-06     2.3273E-06     5.6926E+02     5.6926E+02
   -3.4000E+00     1.3571E-17     4.0448E-15     1.1787E-06     3.9328E-06     1.6979E-06     1.9664E-06     5.0877E+02     5.0877E+02
   -3.3000E+00     2.7245E-17     7.9032E-15     2.5158E-07     3.5417E-06     1.5290E-06     1.7708E-06     4.7445E+02     4.7445E+02
   -3.2000E+00     5.4110E-17     1.5137E-14     2.7362E-07     4.0108E-06     1.7316E-06     2.0054E-06     5.1548E+02     5.1548E+02
   -3.1000E+00     1.0545E-16     2.8428E-14     1.1483E-06     4.7014E-06     2.0297E-06     2.3507E-06     5.7307E+02     5.7307E+02
   -3.0000E+00     2.0352E-16     5.2331E-14     1.4489E-06     4.5990E-06     1.9855E-06     2.2995E-06     5.6472E+02     5.6472E+02
   -2.9000E+00     4.0148E-16     9.4436E-14     1.1247E-06     3.8590E-06     1.6660E-06     1.9295E-06     5.0239E+02     5.0239E+02
   -2.8000E+00     8.2525E-16     1.6699E-13     2.4830E-07     3.5520E-06     1.5335E-06     1.7760E-06     4.7538E+02     4.7538E+02
   -2.7000E+00     1.7060E-15     2.8949E-13     2.7913E-07     4.0917E-06     1.7665E-06     2.0459E-06     5.2238E+02     5.2238E+02
   -2.6000E+00     3.4345E-15     4.9210E-13     1.2477E-06     4.7383E-06     2.0456E-06     2.3692E-06     5.7606E+02     5.7606E+02
   -2.5000E+00     6.9985E-15     8.2014E-13     1.4364E-06     4.5356E-06     1.9581E-06     2.2678E-06     5.5951E+02     5.5951E+02
   -2.4000E+00     1.5405E-14     1.3406E-12     1.0621E-06     3.7907E-06     1.6365E-06     1.8954E-06     4.9644E+02     4.9644E+02
   -2.3000E+00     3.4280E-14     2.1489E-12     2.4672E-07     3.5726E-06     1.5424E-06     1.7863E-06     4.7721E+02     4.7721E+02
   -2.2000E+00     7.8571E-14     3.3799E-12     2.8475E-07     4.1741E-06     1.8021E-06     2.0870E-06     5.2937E+02     5.2937E+02
   -2.1000E+00     1.6815E-13     5.2172E-12     1.3112E-06     4.7646E-06     2.0570E-06     2.3823E-06     5.7819E+02     5.7819E+02
   -2.0000E+00     3.6214E-13     7.9131E-12     1.4185E-06     4.4654E-06     1.9278E-06     2.2327E-06     5.5373E+02     5.5373E+02
   -1.9000E+00     8.4877E-13     1.1827E-11     9.8311E-07     3.7289E-06     1.6099E-06     1.8645E-06     4.9103E+02     4.9103E+02
   -1.8000E+00     2.0573E-12     1.7470E-11     2.4685E-07     3.6031E-06     1.5555E-06     1.8016E-06     4.7992E+02     4.7992E+02
   -1.7000E+00     4.6196E-12     2.5527E-11     2.9038E-07     4.2565E-06     1.8376E-06     2.1283E-06     5.3632E+02     5.3632E+02
   -1.6000E+00     9.5549E-12     3.6948E-11     1.3590E-06     4.7798E-06     2.0636E-06     2.3899E-06     5.7942E+02     5.7942E+02
   -1.5000E+00     1.9880E-11     5.3665E-11     1.3954E-06     4.3901E-06     1.8953E-06     2.1950E-06     5.4748E+02     5.4748E+02
   -1.4000E+00     4.4422E-11     7.9800E-11     8.1179E-07     3.6746E-06     1.5864E-06     1.8373E-06     4.8625E+02     4.8625E+02
   -1.3000E+00     1.0039E-10     1.2329E-10     2.4872E-07     3.6431E-06     1.5728E-06     1.8215E-06     4.8346E+02     4.8346E+02
   -1.2000E+00     2.0901E-10     1.9482E-10     2.9590E-07     4.3376E-06     1.8726E-06     2.1688E-06     5.4311E+02     5.4311E+02
   -1.1000E+00     4.0465E-10     3.1316E-10     1.3958E-06     4.7837E-06     2.0652E-06     2.3918E-06     5.7973E+02     5.7973E+02
   -1.0000E+00     7.9258E-10     5.3141E-10     1.3674E-06     4.3108E-06     1.8611E-06     2.1554E-06     5.4087E+02     5.4087E+02
   -9.0000E-01     1.6500E-09     9.6841E-10     2.6920E-07     3.6287E-06     1.5666E-06     1.8144E-06     4.8220E+02     4.8220E+02
   -8.0000E-01     3.4295E-09     1.8355E-09     2.5197E-07     3.6918E-06     1.5939E-06     1.8459E-06     4.8777E+02     4.8777E+02
   -7.0000E-01     6.5898E-09     3.3791E-09     3.0123E-07     4.4157E-06     1.9064E-06     2.2078E-06     5.4961E+02     5.4961E+02
   -6.0000E-01     1.1912E-08     6.0619E-09     1.4234E-06     4.7760E-06     2.0619E-06     2.3880E-06     5.7912E+02     5.7912E+02
   -5.0000E-01     2.1886E-08     1.1170E-08     1.3346E-06     4.2291E-06     1.8258E-06     2.1146E-06     5.3402E+02     5.3402E+02
   -4.0000E-01     4.2294E-08     2.1275E-08     2.6882E-07     3.5919E-06     1.5507E-06     1.7959E-06     4.7893E+02     4.7893E+02
   -3.0000E-01     8.0696E-08     4.0209E-08     2.5582E-07     3.7487E-06     1.6184E-06     1.8744E-06     4.9277E+02     4.9277E+02
   -2.0000E-01     1.4293E-07     7.1623E-08     3.0627E-07     4.4895E-06     1.9382E-06     2.2447E-06     5.5571E+02     5.5571E+02
   -1.0000E-01     2.4027E-07     1.2301E-07     1.4424E-06     4.7571E-06     2.0537E-06     2.3785E-06     5.7758E+02     5.7758E+02
    0.0000E+00     4.1052E-07     2.1439E-07     1.2966E-06     4.1465E-06     1.7902E-06     2.0733E-06     5.2704E+02     5.2704E+02
    1.0000E-01     7.2794E-07     3.8009E-07     2.6516E-07     3.5646E-06     1.5389E-06     1.7823E-06     4.7650E+02     4.7650E+02
    2.0000E-01     1.2620E-06     6.5993E-07     2.6017E-07     3.8128E-06     1.6461E-06     1.9064E-06     4.9837E+02     4.9837E+02
    3.0000E-01     2.0423E-06     1.0801E-06     3.1091E-07     4.5575E-06     1.9676E-06     2.2788E-06     5.6131E+02     5.6131E+02
    4.0000E-01     3.1618E-06     1.7117E-06     1.4504E-06     4.7271E-06     2.0408E-06     2.3636E-06     5.7516E+02     5.7516E+02
    5.0000E-01     4.9769E-06     2.7434E-06     1.2496E-06     4.0645E-06     1.7547E-06     2.0322E-06     5.2007E+02     5.2007E+02
    6.0000E-01     8.0537E-06     4.4459E-06     2.5814E-07     3.5474E-06     1.5315E-06     1.7737E-06     4.7497E+02     4.7497E+02
    7.0000E-01     1.2695E-05     7.0363E-06     2.6493E-07     3.8831E-06     1.6764E-06     1.9415E-06     5.0447E+02     5.0447E+02
    8.0000E-01     1.8825E-05     1.0576E-05     3.1507E-07     4.6185E-06     1.9939E-06     2.3093E-06     5.6631E+02     5.6631E+02
    9.0000E-01     2.7022E-05     1.5540E-05     1.4305E-06     4.6869E-06     2.0234E-06     2.3434E-06     5.7189E+02     5.7189E+02
    1.0000E+00     3.9605E-05     2.3165E-05     1.1801E-06     3.9844E-06     1.7202E-06     1.9922E-06     5.1321E+02     5.1321E+02
    1.1000E+00     5.9237E-05     3.4931E-05     2.4909E-07     3.5405E-06     1.5285E-06     1.7703E-06     4.7435E+02     4.7435E+02
    1.2000E+00     8.6325E-05     5.1698E-05     2.7004E-07     3.9584E-06     1.7089E-06     1.9792E-06     5.1098E+02     5.1098E+02
    1.3000E+00     1.1954E-04     7.3449E-05     9.7054E-07     4.6713E-06     2.0167E-06     2.3357E-06     5.7062E+02     5.7062E+02
    1.4000E+00     1.6208E-04     1.0291E-04     1.3705E-06     4.6371E-06     2.0019E-06     2.3185E-06     5.6783E+02     5.6783E+02
    1.5000E+00     2.2387E-04     1.4595E-04     1.1164E-06     3.9077E-06     1.6870E-06     1.9539E-06     5.0660E+02     5.0660E+02
    1.6000E+00     3.1186E-04     2.0818E-04     2.7521E-07     3.5440E-06     1.5300E-06     1.7720E-06     4.7466E+02     4.7466E+02
    1.7000E+00     4.2355E-04     2.9275E-04     3.5088E-07     4.0375E-06     1.7431E-06     2.0188E-06     5.1776E+02     5.1776E+02
    1.8000E+00     5.5029E-04     3.9368E-04     2.2081E-06     4.7148E-06     2.0355E-06     2.3574E-06     5.7416E+02     5.7416E+02
    1.9000E+00     6.9929E-04     5.2151E-04     1.9269E-06     4.5787E-06     1.9767E-06     2.2893E-06     5.6305E+02     5.6305E+02
    2.0000E+00     8.9033E-04     6.8163E-04     3.1485E-06     3.8356E-06     1.6559E-06     1.9178E-06     5.0035E+02     5.0035E+02
    2.1000E+00     1.1153E-03     8.7388E-04     2.1325E-06     3.5578E-06     1.5360E-06     1.7789E-06     4.7589E+02     4.7589E+02
    2.2000E+00     1.3338E-03     1.0684E-03     3.3054E-06     4.1191E-06     1.7783E-06     2.0595E-06     5.2471E+02     5.2471E+02
    2.3000E+00     1.5245E-03     1.2459E-03     6.8515E-06     4.7483E-06     2.0499E-06     2.3741E-06     5.7687E+02     5.7687E+02
    2.4000E+00     1.7344E-03     1.4570E-03     4.7679E-06     4.5129E-06     1.9483E-06     2.2564E-06     5.5764E+02     5.5764E+02
    2.5000E+00     2.0302E-03     1.7194E-03     1.3165E-05     3.7693E-06     1.6273E-06     1.8847E-06     4.9457E+02     4.9457E+02
    2.6000E+00     2.4087E-03     2.0925E-03     5.8862E-06     3.5817E-06     1.5463E-06     1.7909E-06     4.7802E+02     4.7802E+02
    2.7000E+00     2.8386E-03     2.5523E-03     8.6679E-06     4.2016E-06     1.8139E-06     2.1008E-06     5.3170E+02     5.3170E+02
    2.8000E+00     3.3135E-03     3.0751E-03     1.7457E-05     4.7709E-06     2.0597E-06     2.3855E-06     5.7870E+02     5.7870E+02
    2.9000E+00     3.8606E-03     3.7214E-03     1.5711E-05     4.4408E-06     1.9172E-06     2.2204E-06     5.5169E+02     5.5169E+02
    3.0000E+00     4.5847E-03     4.5885E-03     3.4954E-05     3.7099E-06     1.6017E-06     1.8550E-06     4.8936E+02     4.8936E+02
    3.1000E+00     5.4538E-03     5.8158E-03     1.8795E-05     3.6154E-06     1.5609E-06     1.8077E-06     4.8101E+02     4.8101E+02
    3.2000E+00     5.8772E-03     6.5458E-03     3.8662E-05     4.2838E-06     1.8494E-06     2.1419E-06     5.3861E+02     5.3861E+02
    3.3000E+00     5.9966E-03     6.8186E-03     6.8670E-05     4.7824E-06     2.0647E-06     2.3912E-06     5.7963E+02     5.7963E+02
    3.4000E+00     6.1235E-03     7.1264E-03     5.6406E-05     4.3640E-06     1.8840E-06     2.1820E-06     5.4531E+02     5.4531E+02
    3.5000E+00     6.3569E-03     7.4992E-03     1.0998E-04     3.6584E-06     1.5794E-06     1.8292E-06     4.8482E+02     4.8482E+02
    3.6000E+00     6.5956E-03     8.0917E-03     3.4009E-05     3.6584E-06     1.5794E-06     1.8292E-06     4.8482E+02     4.8482E+02
    3.7000E+00     6.8713E-03     8.7992E-03     5.1070E-05     4.3640E-06     1.8840E-06     2.1820E-06     5.4531E+02     5.4531E+02
    3.8000E+00     7.2048E-03     9.5461E-03     7.0944E-05     4.7824E-06     2.0647E-06     2.3912E-06     5.7963E+02     5.7963E+02
    3.9000E+00     7.7176E-03     1.0621E-02     6.6075E-05     4.2838E-06     1.8494E-06     2.1419E-06     5.3861E+02     5.3861E+02
    4.0000E+00     8.5142E-03     1.2288E-02     9.1758E-05     3.6154E-06     1.5609E-06     1.8077E-06     4.8102E+02     4.8102E+02
    4.1000E+00     8.8287E-03     1.3178E-02     5.5976E-05     3.7099E-06     1.6017E-06     1.8550E-06     4.8936E+02     4.8936E+02
    4.2000E+00     8.8432E-03     1.3589E-02     1.0920E-04     4.4408E-06     1.9172E-06     2.2204E-06     5.5169E+02     5.5169E+02
    4.3000E+00     8.6234E-03     1.3639E-02     1.5295E-04     4.7709E-06     2.0597E-06     2.3855E-06     5.7870E+02     5.7870E+02
    4.4000E+00     8.2662E-03     1.3447E-02     1.6182E-04     4.2016E-06     1.8140E-06     2.1008E-06     5.3170E+02     5.3170E+02
    4.5000E+00     7.9390E-03     1.3395E-02     1.2608E-04     3.5817E-06     1.5463E-06     1.7909E-06     4.7802E+02     4.7802E+02
    4.6000E+00     7.8051E-03     1.3839E-02     5.2083E-05     3.7693E-06     1.6273E-06     1.8847E-06     4.9457E+02     4.9457E+02
    4.7000E+00     7.9037E-03     1.4674E-02     9.6427E-05     4.5129E-06     1.9483E-06     2.2564E-06     5.5764E+02     5.5764E+02
    4.8000E+00     8.0367E-03     1.5579E-02     1.1010E-04     4.7483E-06     2.0499E-06     2.3741E-06     5.7687E+02     5.7687E+02
    4.9000E+00     8.0577E-03     1.5704E-02     1.9485E-04     4.1191E-06     1.7783E-06     2.0595E-06     5.2471E+02     5.2471E+02
    5.0000E+00     7.8551E-03     1.5702E-02     1.3850E-04     3.5578E-06     1.5360E-06     1.7789E-06     4.7589E+02     4.7589E+02
    5.1000E+00     7.3503E-03     1.5496E-02     7.4441E-05     3.8356E-06     1.6559E-06     1.9178E-06     5.0035E+02     5.0035E+02
    5.2000E+00     6.8220E-03     1.5017E-02     1.7079E-04     4.5787E-06     1.9767E-06     2.2893E-06     5.6305E+02     5.6305E+02
    5.3000E+00     6.4007E-03     1.4802E-02     1.2986E-04     4.7149E-06     2.0355E-06     2.3574E-06     5.7416E+02     5.7416E+02
    5.4000E+00     6.3630E-03     1.5296E-02     1.6635E-04     4.0375E-06     1.7431E-06     2.0188E-06     5.1776E+02     5.1776E+02
    5.5000E+00     6.3520E-03     1.5395E-02     9.1032E-05     3.5440E-06     1.5300E-06     1.7720E-06     4.7466E+02     4.7466E+02
    5.6000E+00     6.1240E-03     1.5464E-02     6.1956E-05     3.9077E-06     1.6870E-06     1.9538E-06     5.0660E+02     5.0660E+02
    5.7000E+00     5.7952E-03     1.4948E-02     2.6454E-04     4.6371E-06     2.0019E-06     2.3185E-06     5.6783E+02     5.6783E+02
    5.8000E+00     5.2551E-03     1.4274E-02     1.2809E-04     4.6713E-06     2.0167E-06     2.3357E-06     5.7062E+02     5.7062E+02
    5.9000E+00     4.9591E-03     1.3659E-02     2.7646E-04     3.9584E-06     1.7089E-06     1.9792E-06     5.1098E+02     5.1098E+02
    6.0000E+00     4.7406E-03     1.3773E-02     6.4654E-05     3.5405E-06     1.5285E-06     1.7703E-06     4.7435E+02     4.7435E+02
    6.1000E+00     4.5203E-03     1.3810E-02     4.8058E-05     3.9844E-06     1.7202E-06     1.9922E-06     5.1321E+02     5.1321E+02
    6.2000E+00     4.3799E-03     1.3433E-02     2.6445E-04     4.6869E-06     2.0234E-06     2.3434E-06     5.7189E+02     5.7189E+02
    6.3000E+00     4.0099E-03     1.3090E-02     6.1848E-05     4.6185E-06     1.9939E-06     2.3093E-06     5.6631E+02     5.6631E+02
    6.4000E+00     3.8469E-03     1.2425E-02     3.6359E-04     3.8831E-06     1.6764E-06     1.9416E-06     5.0448E+02     5.0448E+02
    6.5000E+00     3.5675E-03     1.2015E-02     5.0861E-05     3.5474E-06     1.5315E-06     1.7737E-06     4.7497E+02     4.7497E+02
    6.6000E+00     3.3019E-03     1.1867E-02     3.8317E-05     4.0645E-06     1.7547E-06     2.0322E-06     5.2006E+02     5.2006E+02
    6.7000E+00     3.1876E-03     1.1588E-02     1.6622E-04     4.7271E-06     2.0408E-06     2.3636E-06     5.7516E+02     5.7516E+02
    6.8000E+00     2.9306E-03     1.1451E-02     2.2696E-05     4.5575E-06     1.9676E-06     2.2788E-06     5.6132E+02     5.6132E+02
    6.9000E+00     2.8999E-03     1.0982E-02     3.4471E-04     3.8128E-06     1.6461E-06     1.9064E-06     4.9837E+02     4.9837E+02
    7.0000E+00     2.7131E-03     1.0678E-02     3.8936E-05     3.5646E-06     1.5389E-06     1.7823E-06     4.7650E+02     4.7650E+02
    7.1000E+00     2.4475E-03     1.0346E-02     3.2773E-05     4.1465E-06     1.7902E-06     2.0733E-06     5.2704E+02     5.2704E+02
    7.2000E+00     2.2746E-03     9.7854E-03     1.5012E-04     4.7570E-06     2.0537E-06     2.3785E-06     5.7758E+02     5.7758E+02
    7.3000E+00     2.0063E-03     9.5181E-03     1.2780E-05     4.4895E-06     1.9382E-06     2.2447E-06     5.5572E+02     5.5572E+02
    7.4000E+00     1.9974E-03     8.9574E-03     3.8600E-04     3.7487E-06     1.6184E-06     1.8744E-06     4.9277E+02     4.9277E+02
    7.5000E+00     1.8830E-03     8.7676E-03     2.2798E-05     3.5919E-06     1.5507E-06     1.7959E-06     4.7892E+02     4.7892E+02
    7.6000E+00     1.7698E-03     8.7109E-03     1.8766E-06     4.2291E-06     1.8258E-06     2.1146E-06     5.3402E+02     5.3402E+02
    7.7000E+00     1.6929E-03     8.6862E-03     5.6530E-06     4.7760E-06     2.0619E-06     2.3880E-06     5.7911E+02     5.7911E+02
    7.8000E+00     1.5965E-03     8.7027E-03     3.1255E-06     4.4157E-06     1.9064E-06     2.2079E-06     5.4961E+02     5.4961E+02
    7.9000E+00     1.7017E-03     8.3941E-03     4.3247E-04     3.6919E-06     1.5939E-06     1.8459E-06     4.8777E+02     4.8777E+02
    8.0000E+00     1.6321E-03     8.3727E-03     1.6183E-05     3.6287E-06     1.5666E-06     1.8144E-06     4.8219E+02     4.8219E+02
    8.1000E+00     1.5552E-03     8.4488E-03     9.2008E-07     4.3108E-06     1.8611E-06     2.1554E-06     5.4087E+02     5.4087E+02
    8.2000E+00     1.4880E-03     8.4839E-03     1.8779E-06     4.7837E-06     2.0652E-06     2.3918E-06     5.7973E+02     5.7973E+02
    8.3000E+00     1.3987E-03     8.4153E-03     1.9146E-06     4.3376E-06     1.8726E-06     2.1688E-06     5.4311E+02     5.4311E+02
    8.4000E+00     1.4400E-03     8.1028E-03     2.9382E-04     3.6431E-06     1.5728E-06     1.8215E-06     4.8347E+02     4.8347E+02
    8.5000E+00     1.3613E-03     7.9526E-03     8.4542E-06     3.6746E-06     1.5864E-06     1.8373E-06     4.8625E+02     4.8625E+02
    8.6000E+00     1.2748E-03     7.8275E-03     6.5438E-07     4.3900E-06     1.8953E-06     2.1950E-06     5.4748E+02     5.4748E+02
    8.7000E+00     1.2040E-03     7.6972E-03     1.5267E-06     4.7798E-06     2.0636E-06     2.3899E-06     5.7942E+02     5.7942E+02
    8.8000E+00     1.1291E-03     7.5650E-03     1.5620E-06     4.2566E-06     1.8377E-06     2.1283E-06     5.3632E+02     5.3632E+02
    8.9000E+00     1.1210E-03     7.3650E-03     9.0250E-05     3.6031E-06     1.5556E-06     1.8016E-06     4.7993E+02     4.7993E+02
    9.0000E+00     1.0705E-03     7.2235E-03     3.4915E-06     3.7289E-06     1.6099E-06     1.8644E-06     4.9103E+02     4.9103E+02
    9.1000E+00     1.0202E-03     7.1099E-03     3.4449E-07     4.4654E-06     1.9278E-06     2.2327E-06     5.5373E+02     5.5373E+02
    9.2000E+00     9.7377E-04     7.0049E-03     1.4934E-06     4.7646E-06     2.0570E-06     2.3823E-06     5.7819E+02     5.7819E+02
    9.3000E+00     9.2272E-04     6.9002E-03     1.4845E-06     4.1741E-06     1.8021E-06     2.0871E-06     5.2937E+02     5.2937E+02
    9.4000E+00     8.9102E-04     6.7845E-03     2.7337E-05     3.5726E-06     1.5424E-06     1.7863E-06     4.7721E+02     4.7721E+02
    9.5000E+00     8.5341E-04     6.7104E-03     9.3711E-07     3.7907E-06     1.6365E-06     1.8953E-06     4.9644E+02     4.9644E+02
    9.6000E+00     8.1509E-04     6.6323E-03     3.4971E-07     4.5355E-06     1.9581E-06     2.2678E-06     5.5951E+02     5.5951E+02
    9.7000E+00     7.7866E-04     6.5394E-03     1.6217E-06     4.7383E-06     2.0456E-06     2.3692E-06     5.7606E+02     5.7606E+02
    9.8000E+00     7.4496E-04     6.4308E-03     1.5875E-06     4.0917E-06     1.7665E-06     2.0459E-06     5.2239E+02     5.2239E+02
    9.9000E+00     7.1602E-04     6.3085E-03     2.4768E-06     3.5521E-06     1.5335E-06     1.7760E-06     4.7538E+02     4.7538E+02
    1.0000E+01     6.8388E-04     6.2024E-03     2.9987E-07     3.8590E-06     1.6660E-06     1.9295E-06     5.0239E+02     5.0239E+02
    1.0100E+01     6.8968E-04     5.9062E-03     1.6284E-04     4.5990E-06     1.9855E-06     2.2995E-06     5.6472E+02     5.6472E+02
    1.0200E+01     6.7126E-04     5.8431E-03     1.1139E-05     4.7014E-06     2.0297E-06     2.3507E-06     5.7307E+02     5.7307E+02
    1.0300E+01     6.4626E-04     5.8132E-03     1.8734E-06     4.0108E-06     1.7316E-06     2.0054E-06     5.1548E+02     5.1548E+02
    1.0400E+01     6.2257E-04     5.7485E-03     3.1847E-07     3.5417E-06     1.5290E-06     1.7708E-06     4.7445E+02     4.7445E+02
    1.0500E+01     5.8359E-04     5.6400E-03     2.6903E-07     3.9328E-06     1.6979E-06     1.9664E-06     5.0877E+02     5.0877E+02
    1.0600E+01     6.1629E-04     5.3315E-03     3.4821E-04     4.6547E-06     2.0095E-06     2.3273E-06     5.6926E+02     5.6926E+02
    1.0700E+01     6.1268E-04     5.2482E-03     1.2600E-05     4.6547E-06     2.0095E-06     2.3274E-06     5.6927E+02     5.6927E+02
    1.0800E+01     5.9409E-04     5.2350E-03     1.8019E-06     3.9328E-06     1.6979E-06     1.9664E-06     5.0877E+02     5.0877E+02
    1.0900E+01     5.7726E-04     5.2286E-03     2.6699E-07     3.5417E-06     1.5290E-06     1.7708E-06     4.7445E+02     4.7445E+02
    1.1000E+01     5.5537E-04     5.2115E-03     2.7369E-07     4.0108E-06     1.7315E-06     2.0054E-06     5.1547E+02     5.1547E+02
    1.1100E+01     5.4775E-04     5.1798E-03     1.3527E-05     4.7014E-06     2.0297E-06     2.3507E-06     5.7307E+02     5.7307E+02
    1.1200E+01     5.2992E-04     5.1528E-03     1.9966E-06     4.5991E-06     1.9855E-06     2.2995E-06     5.6472E+02     5.6472E+02
    1.1300E+01     5.1089E-04     5.1202E-03     1.1951E-06     3.8591E-06     1.6661E-06     1.9295E-06     5.0239E+02     5.0239E+02
    1.1400E+01     4.9291E-04     5.0875E-03     2.5158E-07     3.5520E-06     1.5335E-06     1.7760E-06     4.7538E+02     4.7538E+02
    1.1500E+01     4.7542E-04     5.0464E-03     2.7914E-07     4.0917E-06     1.7665E-06     2.0458E-06     5.2238E+02     5.2238E+02
    1.1600E+01     4.5754E-04     4.9807E-03     1.4275E-06     4.7383E-06     2.0456E-06     2.3691E-06     5.7606E+02     5.7606E+02
    1.1700E+01     4.3885E-04     4.8896E-03     1.4724E-06     4.5356E-06     1.9581E-06     2.2678E-06     5.5951E+02     5.5951E+02
    1.1800E+01     4.2019E-04     4.7831E-03     1.3421E-06     3.7907E-06     1.6366E-06     1.8954E-06     4.9644E+02     4.9644E+02
    1.1900E+01     4.0219E-04     4.6741E-03     2.9350E-07     3.5726E-06     1.5424E-06     1.7863E-06     4.7721E+02     4.7721E+02
    1.2000E+01     3.8541E-04     4.5714E-03     2.8491E-07     4.1741E-06     1.8020E-06     2.0870E-06     5.2937E+02     5.2937E+02
    1.2100E+01     3.7053E-04     4.4798E-03     1.4605E-06     4.7646E-06     2.0570E-06     2.3823E-06     5.7819E+02     5.7819E+02
    1.2200E+01     3.5564E-04     4.3996E-03     1.4645E-06     4.4655E-06     1.9279E-06     2.2327E-06     5.5373E+02     5.5373E+02
    1.2300E+01     3.4829E-04     4.3009E-03     2.8543E-05     3.7289E-06     1.6099E-06     1.8645E-06     4.9103E+02     4.9103E+02
    1.2400E+01     3.3379E-04     4.2322E-03     2.5728E-06     3.6031E-06     1.5555E-06     1.8015E-06     4.7992E+02     4.7992E+02
    1.2500E+01     3.1983E-04     4.1709E-03     2.9790E-07     4.2565E-06     1.8376E-06     2.1283E-06     5.3632E+02     5.3632E+02
    1.2600E+01     3.0784E-04     4.1080E-03     1.4636E-06     4.7798E-06     2.0636E-06     2.3899E-06     5.7942E+02     5.7942E+02
    1.2700E+01     2.9618E-04     4.0813E-03     1.4507E-06     4.3901E-06     1.8953E-06     2.1950E-06     5.4748E+02     5.4748E+02
    1.2800E+01     3.5941E-04     3.6744E-03     7.3133E-04     3.6747E-06     1.5864E-06     1.8373E-06     4.8626E+02     4.8626E+02
    1.2900E+01     3.4161E-04     3.5352E-03     2.3495E-05     3.6430E-06     1.5728E-06     1.8215E-06     4.8346E+02     4.8346E+02
    1.3000E+01     3.2136E-04     3.4228E-03     3.2030E-07     4.3375E-06     1.8726E-06     2.1688E-06     5.4310E+02     5.4310E+02
    1.3100E+01     3.0100E-04     3.3120E-03     1.3500E-06     4.7837E-06     2.0652E-06     2.3918E-06     5.7973E+02     5.7973E+02
    1.3200E+01     2.8216E-04     3.2068E-03     1.3360E-06     4.3108E-06     1.8611E-06     2.1554E-06     5.4087E+02     5.4087E+02
    1.3300E+01     2.6537E-04     3.1160E-03     2.8586E-07     3.6287E-06     1.5666E-06     1.8144E-06     4.8220E+02     4.8220E+02
    1.3400E+01     2.5089E-04     3.0456E-03     2.5213E-07     3.6918E-06     1.5938E-06     1.8459E-06     4.8777E+02     4.8777E+02
    1.3500E+01     2.3850E-04     2.9965E-03     3.0123E-07     4.4157E-06     1.9063E-06     2.2078E-06     5.4961E+02     5.4961E+02
    1.3600E+01     2.2778E-04     2.9661E-03     1.4088E-06     4.7760E-06     2.0619E-06     2.3880E-06     5.7912E+02     5.7912E+02
    1.3700E+01     2.1826E-04     2.9503E-03     1.3325E-06     4.2292E-06     1.8258E-06     2.1146E-06     5.3402E+02     5.3402E+02
    1.3800E+01     2.0927E-04     2.9378E-03     2.8302E-07     3.5919E-06     1.5507E-06     1.7959E-06     4.7893E+02     4.7893E+02
    1.3900E+01     1.9993E-04     2.9048E-03     2.5588E-07     3.7487E-06     1.6184E-06     1.8743E-06     4.9277E+02     4.9277E+02
    1.4000E+01     1.8963E-04     2.8353E-03     3.0626E-07     4.4894E-06     1.9382E-06     2.2447E-06     5.5571E+02     5.5571E+02
    1.4100E+01     1.7936E-04     2.7508E-03     1.4500E-06     4.7571E-06     2.0537E-06     2.3785E-06     5.7758E+02     5.7758E+02
    1.4200E+01     1.6956E-04     2.6637E-03     1.3084E-06     4.1466E-06     1.7902E-06     2.0733E-06     5.2704E+02     5.2704E+02
    1.4300E+01     1.6012E-04     2.5726E-03     2.7367E-07     3.5647E-06     1.5389E-06     1.7823E-06     4.7650E+02     4.7650E+02
    1.4400E+01     1.5107E-04     2.4790E-03     2.6019E-07     3.8128E-06     1.6461E-06     1.9064E-06     4.9837E+02     4.9837E+02
    1.4500E+01     1.4257E-04     2.3889E-03     3.1091E-07     4.5575E-06     1.9676E-06     2.2787E-06     5.6131E+02     5.6131E+02
    1.4600E+01     1.3480E-04     2.3084E-03     1.4610E-06     4.7272E-06     2.0408E-06     2.3636E-06     5.7516E+02     5.7516E+02
    1.4700E+01     1.2783E-04     2.2406E-03     1.2660E-06     4.0645E-06     1.7548E-06     2.0323E-06     5.2007E+02     5.2007E+02
    1.4800E+01     1.2165E-04     2.1868E-03     2.6582E-07     3.5475E-06     1.5315E-06     1.7737E-06     4.7497E+02     4.7497E+02
    1.4900E+01     1.1634E-04     2.1483E-03     2.6496E-07     3.8831E-06     1.6764E-06     1.9415E-06     5.0447E+02     5.0447E+02
    1.5000E+01     1.1186E-04     2.1246E-03     3.1507E-07     4.6185E-06     1.9939E-06     2.3092E-06     5.6631E+02     5.6631E+02
    1.5100E+01     1.0798E-04     2.1081E-03     1.4683E-06     4.6869E-06     2.0235E-06     2.3435E-06     5.7189E+02     5.7189E+02
    1.5200E+01     1.0383E-04     2.0778E-03     1.2302E-06     3.9845E-06     1.7202E-06     1.9922E-06     5.1322E+02     5.1322E+02
    1.5300E+01     9.9151E-05     2.0208E-03     2.5865E-07     3.5405E-06     1.5285E-06     1.7703E-06     4.7435E+02     4.7435E+02
    1.5400E+01     9.3190E-05     1.9458E-03     2.7006E-07     3.9584E-06     1.7089E-06     1.9792E-06     5.1097E+02     5.1097E+02
    1.5500E+01     1.0384E-04     1.7348E-03     3.2911E-04     4.6713E-06     2.0167E-06     2.3356E-06     5.7062E+02     5.7062E+02
    1.5600E+01     9.8362E-05     1.6553E-03     5.6956E-06     4.6371E-06     2.0020E-06     2.3186E-06     5.6783E+02     5.6783E+02
    1.5700E+01     9.3234E-05     1.5992E-03     1.2861E-06     3.9077E-06     1.6871E-06     1.9539E-06     5.0661E+02     5.0661E+02
    1.5800E+01     8.9242E-05     1.5587E-03     2.4540E-07     3.5440E-06     1.5300E-06     1.7720E-06     4.7466E+02     4.7466E+02
    1.5900E+01     8.6352E-05     1.5385E-03     2.7543E-07     4.0375E-06     1.7431E-06     2.0187E-06     5.1776E+02     5.1776E+02
    1.6000E+01     8.4398E-05     1.5414E-03     1.1882E-06     4.7148E-06     2.0355E-06     2.3574E-06     5.7416E+02     5.7416E+02
    1.6100E+01     8.3013E-05     1.5625E-03     1.4452E-06     4.5787E-06     1.9767E-06     2.2894E-06     5.6305E+02     5.6305E+02
    1.6200E+01     8.1594E-05     1.5864E-03     1.1112E-06     3.8356E-06     1.6559E-06     1.9178E-06     5.0036E+02     5.0036E+02
    1.6300E+01     7.9491E-05     1.5922E-03     2.4861E-07     3.5578E-06     1.5360E-06     1.7789E-06     4.7589E+02     4.7589E+02
    1.6400E+01     7.6560E-05     1.5735E-03     2.8100E-07     4.1190E-06     1.7783E-06     2.0595E-06     5.2471E+02     5.2471E+02
    1.6500E+01     7.3322E-05     1.5441E-03     1.2784E-06     4.7483E-06     2.0499E-06     2.3741E-06     5.7687E+02     5.7687E+02
    1.6600E+01     7.0088E-05     1.5119E-03     1.4346E-06     4.5129E-06     1.9483E-06     2.2564E-06     5.5764E+02     5.5764E+02
    1.6700E+01     6.6895E-05     1.4769E-03     1.0502E-06     3.7694E-06     1.6273E-06     1.8847E-06     4.9458E+02     4.9458E+02
    1.6800E+01     6.3805E-05     1.4405E-03     2.4730E-07     3.5817E-06     1.5463E-06     1.7908E-06     4.7802E+02     4.7802E+02
    1.6900E+01     6.0896E-05     1.4050E-03     2.8663E-07     4.2016E-06     1.8139E-06     2.1008E-06     5.3170E+02     5.3170E+02
    1.7000E+01     5.8260E-05     1.3734E-03     1.3335E-06     4.7709E-06     2.0597E-06     2.3855E-06     5.7870E+02     5.7870E+02
    1.7100E+01     5.5974E-05     1.3486E-03     1.4141E-06     4.4409E-06     1.9172E-06     2.2204E-06     5.5170E+02     5.5170E+02
    1.7200E+01     5.4081E-05     1.3324E-03     9.7091E-07     3.7100E-06     1.6017E-06     1.8550E-06     4.8937E+02     4.8937E+02
    1.7300E+01     5.2582E-05     1.3250E-03     2.4817E-07     3.6154E-06     1.5608E-06     1.8077E-06     4.8101E+02     4.8101E+02
    1.7400E+01     5.1328E-05     1.3226E-03     2.9223E-07     4.2837E-06     1.8494E-06     2.1419E-06     5.3860E+02     5.3860E+02
    1.7500E+01     5.0202E-05     1.3175E-03     1.3812E-06     4.7824E-06     2.0647E-06     2.3912E-06     5.7963E+02     5.7963E+02
    1.7600E+01     4.8409E-05     1.3007E-03     1.3926E-06     4.3640E-06     1.8841E-06     2.1820E-06     5.4531E+02     5.4531E+02
    1.7700E+01     5.2586E-05     1.1845E-03     3.2003E-04     3.6584E-06     1.5794E-06     1.8292E-06     4.8482E+02     4.8482E+02
    1.7800E+01     5.0958E-05     1.1524E-03     6.0574E-06     3.6583E-06     1.5794E-06     1.8292E-06     4.8482E+02     4.8482E+02
    1.7900E+01     4.9462E-05     1.1337E-03     3.0214E-07     4.3640E-06     1.8840E-06     2.1820E-06     5.4531E+02     5.4531E+02
    1.8000E+01     4.7849E-05     1.1153E-03     1.4036E-06     4.7824E-06     2.0647E-06     2.3912E-06     5.7963E+02     5.7963E+02
    1.8100E+01     4.6263E-05     1.0969E-03     1.3561E-06     4.2838E-06     1.8494E-06     2.1419E-06     5.3861E+02     5.3861E+02
    1.8200E+01     4.4828E-05     1.0806E-03     2.7087E-07     3.6154E-06     1.5609E-06     1.8077E-06     4.8102E+02     4.8102E+02
    1.8300E+01     4.3601E-05     1.0693E-03     2.5319E-07     3.7099E-06     1.6017E-06     1.8550E-06     4.8936E+02     4.8936E+02
    1.8400E+01     4.2582E-05     1.0648E-03     3.0295E-07     4.4408E-06     1.9172E-06     2.2204E-06     5.5169E+02     5.5169E+02
    1.8500E+01     4.1589E-05     1.0601E-03     1.4299E-06     4.7710E-06     2.0597E-06     2.3855E-06     5.7871E+02     5.7871E+02
    1.8600E+01     4.0415E-05     1.0457E-03     1.3226E-06     4.2017E-06     1.8140E-06     2.1008E-06     5.3170E+02     5.3170E+02
    1.8700E+01     3.9234E-05     1.0270E-03     2.6860E-07     3.5817E-06     1.5463E-06     1.7909E-06     4.7802E+02     4.7802E+02
    1.8800E+01     3.8128E-05     1.0088E-03     2.5722E-07     3.7693E-06     1.6273E-06     1.8846E-06     4.9457E+02     4.9457E+02
    1.8900E+01     3.6944E-05     9.8862E-04     3.0786E-07     4.5128E-06     1.9483E-06     2.2564E-06     5.5764E+02     5.5764E+02
    1.9000E+01     3.5625E-05     9.6509E-04     1.4469E-06     4.7483E-06     2.0500E-06     2.3741E-06     5.7687E+02     5.7687E+02
    1.9100E+01     3.4231E-05     9.3919E-04     1.2837E-06     4.1191E-06     1.7783E-06     2.0596E-06     5.2471E+02     5.2471E+02
    1.9200E+01     3.2861E-05     9.1251E-04     2.6442E-07     3.5578E-06     1.5360E-06     1.7789E-06     4.7589E+02     4.7589E+02
    1.9300E+01     3.1572E-05     8.8594E-04     2.6172E-07     3.8356E-06     1.6559E-06     1.9178E-06     5.0035E+02     5.0035E+02
    1.9400E+01     3.0356E-05     8.5989E-04     3.1235E-07     4.5787E-06     1.9767E-06     2.2893E-06     5.6305E+02     5.6305E+02
    1.9500E+01     2.9206E-05     8.3530E-04     1.4556E-06     4.7149E-06     2.0355E-06     2.3574E-06     5.7416E+02     5.7416E+02
    1.9600E+01     2.8156E-05     8.1428E-04     1.2411E-06     4.0376E-06     1.7431E-06     2.0188E-06     5.1777E+02     5.1777E+02
    1.9700E+01     2.7298E-05     7.9981E-04     2.5874E-07     3.5440E-06     1.5300E-06     1.7720E-06     4.7466E+02     4.7466E+02
    1.9800E+01     2.6707E-05     7.9386E-04     2.6661E-07     3.9077E-06     1.6870E-06     1.9538E-06     5.0660E+02     5.0660E+02
    1.9900E+01     2.6349E-05     7.9518E-04     3.1633E-07     4.6370E-06     2.0019E-06     2.3185E-06     5.6783E+02     5.6783E+02
    2.0000E+01     2.6058E-05     7.9813E-04     1.4570E-06     4.6713E-06     2.0167E-06     2.3357E-06     5.7062E+02     5.7062E+02
    2.0100E+01     2.5594E-05     7.9431E-04     1.1955E-06     3.9585E-06     1.7090E-06     1.9792E-06     5.1098E+02     5.1098E+02
    2.0200E+01     2.4909E-05     7.8196E-04     2.5322E-07     3.5405E-06     1.5285E-06     1.7703E-06     4.7435E+02     4.7435E+02
    2.0300E+01     2.4133E-05     7.6580E-04     2.7182E-07     3.9844E-06     1.7201E-06     1.9922E-06     5.1321E+02     5.1321E+02
    2.0400E+01     2.3368E-05     7.4929E-04     1.0881E-06     4.6869E-06     2.0234E-06     2.3434E-06     5.7189E+02     5.7189E+02
    2.0500E+01     2.2637E-05     7.3316E-04     1.4518E-06     4.6186E-06     1.9939E-06     2.3093E-06     5.6632E+02     5.6632E+02
    2.0600E+01     2.1941E-05     7.1823E-04     1.1435E-06     3.8831E-06     1.6764E-06     1.9416E-06     5.0448E+02     5.0448E+02
    2.0700E+01     2.1312E-05     7.0625E-04     2.4932E-07     3.5474E-06     1.5315E-06     1.7737E-06     4.7497E+02     4.7497E+02
    2.0800E+01     2.0806E-05     6.9935E-04     2.7728E-07     4.0644E-06     1.7547E-06     2.0322E-06     5.2006E+02     5.2006E+02
    2.0900E+01     2.0465E-05     6.9870E-04     1.2203E-06     4.7271E-06     2.0408E-06     2.3636E-06     5.7516E+02     5.7516E+02
    2.1000E+01     2.0268E-05     7.0309E-04     1.4413E-06     4.5576E-06     1.9676E-06     2.2788E-06     5.6132E+02     5.6132E+02
    2.1100E+01     2.0081E-05     7.0708E-04     1.0847E-06     3.8129E-06     1.6461E-06     1.9064E-06     4.9837E+02     4.9837E+02
    2.1200E+01     1.9722E-05     7.0343E-04     2.4714E-07     3.5646E-06     1.5389E-06     1.7823E-06     4.7650E+02     4.7650E+02
    2.1300E+01     1.9145E-05     6.9034E-04     2.8287E-07     4.1465E-06     1.7901E-06     2.0732E-06     5.2704E+02     5.2704E+02
    2.1400E+01     1.8479E-05     6.7333E-04     1.2921E-06     4.7570E-06     2.0537E-06     2.3785E-06     5.7758E+02     5.7758E+02
    2.1500E+01     1.7836E-05     6.5677E-04     1.4253E-06     4.4895E-06     1.9382E-06     2.2448E-06     5.5572E+02     5.5572E+02
    2.1600E+01     1.7252E-05     6.4188E-04     1.0129E-06     3.7488E-06     1.6184E-06     1.8744E-06     4.9277E+02     4.9277E+02
    2.1700E+01     1.6740E-05     6.2942E-04     2.4666E-07     3.5919E-06     1.5507E-06     1.7959E-06     4.7892E+02     4.7892E+02
    2.1800E+01     1.6299E-05     6.1996E-04     2.8850E-07     4.2291E-06     1.8258E-06     2.1145E-06     5.3401E+02     5.3401E+02
    2.1900E+01     1.5935E-05     6.1405E-04     1.3443E-06     4.7760E-06     2.0619E-06     2.3880E-06     5.7911E+02     5.7911E+02
    2.2000E+01     1.5653E-05     6.1186E-04     1.4038E-06     4.4158E-06     1.9064E-06     2.2079E-06     5.4961E+02     5.4961E+02
    2.2100E+01     1.5429E-05     6.1184E-04     9.0179E-07     3.6919E-06     1.5939E-06     1.8459E-06     4.8777E+02     4.8777E+02
    2.2200E+01     1.5182E-05     6.0971E-04     2.4793E-07     3.6287E-06     1.5666E-06     1.8143E-06     4.8219E+02     4.8219E+02
    2.2300E+01     1.4814E-05     6.0091E-04     2.9407E-07     4.3108E-06     1.8611E-06     2.1554E-06     5.4087E+02     5.4087E+02
    2.2400E+01     1.4335E-05     5.8635E-04     1.3847E-06     4.7837E-06     2.0652E-06     2.3918E-06     5.7973E+02     5.7973E+02
    2.2500E+01     1.3838E-05     5.7100E-04     1.3775E-06     4.3376E-06     1.8727E-06     2.1688E-06     5.4311E+02     5.4311E+02
    2.2600E+01     1.3351E-05     5.5611E-04     2.6843E-07     3.6431E-06     1.5728E-06     1.8215E-06     4.8347E+02     4.8347E+02
    2.2700E+01     1.2895E-05     5.4242E-04     2.5080E-07     3.6746E-06     1.5864E-06     1.8373E-06     4.8625E+02     4.8625E+02
    2.2800E+01     1.2493E-05     5.3073E-04     2.9948E-07     4.3900E-06     1.8953E-06     2.1950E-06     5.4748E+02     5.4748E+02
    2.2900E+01     1.2161E-05     5.2165E-04     1.4151E-06     4.7799E-06     2.0636E-06     2.3899E-06     5.7942E+02     5.7942E+02
    2.3000E+01     1.1892E-05     5.1528E-04     1.3461E-06     4.2566E-06     1.8377E-06     2.1283E-06     5.3633E+02     5.3633E+02
    2.3100E+01     1.1672E-05     5.1144E-04     2.6978E-07     3.6031E-06     1.5556E-06     1.8016E-06     4.7993E+02     4.7993E+02
    2.3200E+01     1.1485E-05     5.0937E-04     2.5447E-07     3.7289E-06     1.6098E-06     1.8644E-06     4.9103E+02     4.9103E+02
    2.3300E+01     1.1298E-05     5.0722E-04     3.0463E-07     4.4654E-06     1.9278E-06     2.2327E-06     5.5373E+02     5.5373E+02
    2.3400E+01     1.1054E-05     5.0157E-04     1.4372E-06     4.7647E-06     2.0570E-06     2.3823E-06     5.7820E+02     5.7820E+02
    2.3500E+01     1.0738E-05     4.9140E-04     1.3104E-06     4.1742E-06     1.8021E-06     2.0871E-06     5.2938E+02     5.2938E+02
    2.3600E+01     1.0414E-05     4.8023E-04     2.6690E-07     3.5727E-06     1.5424E-06     1.7863E-06     4.7722E+02     4.7722E+02
    2.3700E+01     1.0104E-05     4.6974E-04     2.5867E-07     3.7907E-06     1.6365E-06     1.8953E-06     4.9644E+02     4.9644E+02
    2.3800E+01     9.8082E-06     4.6004E-04     3.0941E-07     4.5355E-06     1.9581E-06     2.2678E-06     5.5951E+02     5.5951E+02
    2.3900E+01     9.5293E-06     4.5132E-04     1.4513E-06     4.7384E-06     2.0457E-06     2.3692E-06     5.7607E+02     5.7607E+02
    2.4000E+01     9.2819E-06     4.4417E-04     1.2700E-06     4.0918E-06     1.7665E-06     2.0459E-06     5.2239E+02     5.2239E+02
    2.4100E+01     9.0836E-06     4.3931E-04     2.6259E-07     3.5521E-06     1.5335E-06     1.7761E-06     4.7539E+02     4.7539E+02
    2.4200E+01     8.9400E-06     4.3696E-04     2.6331E-07     3.8591E-06     1.6661E-06     1.9295E-06     5.0239E+02     5.0239E+02
    2.4300E+01     8.8315E-06     4.3634E-04     3.1375E-07     4.5991E-06     1.9855E-06     2.2996E-06     5.6472E+02     5.6472E+02
    2.4400E+01     8.7183E-06     4.3544E-04     1.4573E-06     4.7016E-06     2.0298E-06     2.3508E-06     5.7308E+02     5.7308E+02
    2.4500E+01     8.5402E-06     4.3088E-04     1.2268E-06     4.0110E-06     1.7317E-06     2.0055E-06     5.1549E+02     5.1549E+02
    2.4600E+01     8.2835E-06     4.2175E-04     2.5656E-07     3.5419E-06     1.5291E-06     1.7709E-06     4.7447E+02     4.7447E+02
    2.4700E+01     8.0050E-06     4.1108E-04     2.6833E-07     3.9330E-06     1.6980E-06     1.9665E-06     5.0879E+02     5.0879E+02
    2.4800E+01     7.7600E-06     4.0186E-04     6.4238E-07     4.6549E-06     2.0096E-06     2.3275E-06     5.6928E+02     5.6928E+02
    2.4900E+01     7.5580E-06     3.9466E-04     1.4561E-06     4.6550E-06     2.0097E-06     2.3275E-06     5.6929E+02     5.6929E+02
    2.5000E+01     7.3849E-06     3.8898E-04     1.1789E-06     3.9332E-06     1.6981E-06     1.9666E-06     5.0881E+02     5.0881E+02
    2.5100E+01     7.2286E-06     3.8440E-04     2.5165E-07     3.5421E-06     1.5292E-06     1.7710E-06     4.7449E+02     4.7449E+02
    2.5200E+01     7.0880E-06     3.8091E-04     2.7365E-07     4.0113E-06     1.7318E-06     2.0056E-06     5.1552E+02     5.1552E+02
    2.5300E+01     6.9660E-06     3.7859E-04     1.1483E-06     4.7020E-06     2.0300E-06     2.3510E-06     5.7312E+02     5.7312E+02
    2.5400E+01     6.8588E-06     3.7694E-04     1.4491E-06     4.5999E-06     1.9859E-06     2.2999E-06     5.6479E+02     5.6479E+02
    2.5500E+01     6.7370E-06     3.7388E-04     1.1250E-06     3.8600E-06     1.6665E-06     1.9300E-06     5.0247E+02     5.0247E+02
    2.5600E+01     6.5692E-06     3.6743E-04     2.4840E-07     3.5531E-06     1.5339E-06     1.7765E-06     4.7547E+02     4.7547E+02
    2.5700E+01     6.3677E-06     3.5863E-04     2.7922E-07     4.0929E-06     1.7670E-06     2.0465E-06     5.2249E+02     5.2249E+02
    2.5800E+01     6.1719E-06     3.5016E-04     1.2479E-06     4.7399E-06     2.0463E-06     2.3700E-06     5.7619E+02     5.7619E+02
    2.5900E+01     5.9929E-06     3.4282E-04     1.4369E-06     4.5376E-06     1.9590E-06     2.2688E-06     5.5968E+02     5.5968E+02
    2.6000E+01     5.8330E-06     3.3672E-04     1.0626E-06     3.7930E-06     1.6375E-06     1.8965E-06     4.9664E+02     4.9664E+02
    2.6100E+01     5.6992E-06     3.3218E-04     2.4690E-07     3.5752E-06     1.5435E-06     1.7876E-06     4.7744E+02     4.7744E+02
    2.6200E+01     5.5985E-06     3.2949E-04     2.8497E-07     4.1773E-06     1.8035E-06     2.0887E-06     5.2965E+02     5.2965E+02
    2.6300E+01     5.5301E-06     3.2857E-04     1.3118E-06     4.7688E-06     2.0588E-06     2.3844E-06     5.7853E+02     5.7853E+02
    2.6400E+01     5.4749E-06     3.2833E-04     1.4196E-06     4.4704E-06     1.9300E-06     2.2352E-06     5.5414E+02     5.5414E+02
    2.6500E+01     5.3956E-06     3.2649E-04     9.8378E-07     3.7345E-06     1.6123E-06     1.8673E-06     4.9152E+02     4.9152E+02
    2.6600E+01     5.2603E-06     3.2093E-04     2.4730E-07     3.6097E-06     1.5584E-06     1.8048E-06     4.8051E+02     4.8051E+02
    2.6700E+01     5.0801E-06     3.1234E-04     2.9094E-07     4.2649E-06     1.8412E-06     2.1324E-06     5.3702E+02     5.3702E+02
    2.6800E+01     4.9047E-06     3.0391E-04     1.3606E-06     4.7903E-06     2.0681E-06     2.3952E-06     5.8027E+02     5.8027E+02
    2.6900E+01     4.7634E-06     2.9751E-04     1.3979E-06     4.4024E-06     1.9006E-06     2.2012E-06     5.4850E+02     5.4850E+02
    2.7000E+01     4.6578E-06     2.9317E-04     8.0203E-07     3.6886E-06     1.5924E-06     1.8443E-06     4.8748E+02     4.8748E+02
    2.7100E+01     4.5780E-06     2.9042E-04     2.4984E-07     3.6597E-06     1.5800E-06     1.8298E-06     4.8493E+02     4.8493E+02
    2.7200E+01     4.5106E-06     2.8857E-04     2.9735E-07     4.3587E-06     1.8818E-06     2.1794E-06     5.4487E+02     5.4487E+02
    2.7300E+01     4.4486E-06     2.8724E-04     1.4002E-06     4.8100E-06     2.0766E-06     2.4050E-06     5.8186E+02     5.8186E+02
    2.7400E+01     4.3869E-06     2.8604E-04     1.3734E-06     4.3415E-06     1.8743E-06     2.1707E-06     5.4343E+02     5.4343E+02
    2.7500E+01     4.3146E-06     2.8404E-04     2.7185E-07     3.6635E-06     1.5816E-06     1.8318E-06     4.8527E+02     4.8527E+02
    2.7600E+01     4.2155E-06     2.7987E-04     2.5482E-07     3.7338E-06     1.6120E-06     1.8669E-06     4.9146E+02     4.9146E+02
    2.7700E+01     4.0909E-06     2.7349E-04     3.0489E-07     4.4693E-06     1.9295E-06     2.2346E-06     5.5405E+02     5.5405E+02
    2.7800E+01     3.9700E-06     2.6707E-04     1.4348E-06     4.8423E-06     2.0905E-06     2.4211E-06     5.8446E+02     5.8446E+02
    2.7900E+01     3.8681E-06     2.6192E-04     1.3493E-06     4.3057E-06     1.8589E-06     2.1529E-06     5.4044E+02     5.4044E+02
    2.8000E+01     3.7772E-06     2.5763E-04     2.7415E-07     3.6791E-06     1.5884E-06     1.8395E-06     4.8665E+02     4.8665E+02
    2.8100E+01     3.6950E-06     2.5411E-04     2.6306E-07     3.8551E-06     1.6643E-06     1.9275E-06     5.0204E+02     5.0204E+02
    2.8200E+01     3.6231E-06     2.5141E-04     3.1553E-07     4.6253E-06     1.9968E-06     2.3126E-06     5.6687E+02     5.6687E+02
    2.8300E+01     3.5661E-06     2.4979E-04     1.4726E-06     4.9238E-06     2.1257E-06     2.4619E-06     5.9100E+02     5.9100E+02
    2.8400E+01     3.5278E-06     2.4936E-04     1.3323E-06     4.3384E-06     1.8730E-06     2.1692E-06     5.4317E+02     5.4317E+02
    2.8500E+01     3.4982E-06     2.4932E-04     2.7814E-07     3.7844E-06     1.6338E-06     1.8922E-06     4.9589E+02     4.9589E+02
    2.8600E+01     3.4500E-06     2.4765E-04     2.7861E-07     4.0833E-06     1.7629E-06     2.0417E-06     5.2167E+02     5.2167E+02
    2.8700E+01     3.3615E-06     2.4286E-04     3.3447E-07     4.9029E-06     2.1167E-06     2.4515E-06     5.8933E+02     5.8933E+02
    2.8800E+01     3.2472E-06     2.3613E-04     1.5306E-06     5.1485E-06     2.2227E-06     2.5742E-06     6.0885E+02     6.0885E+02
    2.8900E+01     3.1388E-06     2.2991E-04     1.3380E-06     4.5485E-06     1.9637E-06     2.2742E-06     5.6057E+02     5.6057E+02
    2.9000E+01     3.0460E-06     2.2488E-04     2.9215E-07     4.1067E-06     1.7729E-06     2.0533E-06     5.2366E+02     5.2366E+02
    2.9100E+01     2.9755E-06     2.2146E-04     3.1232E-07     4.5781E-06     1.9765E-06     2.2890E-06     5.6300E+02     5.6300E+02
    2.9200E+01     2.9301E-06     2.1981E-04     3.7558E-07     5.5055E-06     2.3769E-06     2.7527E-06     6.3668E+02     6.3668E+02
    2.9300E+01     2.9055E-06     2.1963E-04     1.6481E-06     5.7645E-06     2.4887E-06     2.8822E-06     6.5649E+02     6.5649E+02
    2.9400E+01     2.8882E-06     2.2001E-04     1.3811E-06     5.2258E-06     2.2561E-06     2.6129E-06     6.1492E+02     6.1492E+02
    2.9500E+01     2.8639E-06     2.1991E-04     3.4278E-07     4.9942E-06     2.1561E-06     2.4971E-06     5.9662E+02     5.9662E+02
    2.9600E+01     2.8176E-06     2.1809E-04     3.9457E-07     5.7839E-06     2.4970E-06     2.8920E-06     6.5796E+02     6.5796E+02
    2.9700E+01     2.7386E-06     2.1360E-04     4.7763E-07     7.0015E-06     3.0227E-06     3.5007E-06     7.4733E+02     7.4733E+02
    2.9800E+01     2.6381E-06     2.0722E-04     1.8795E-06     7.4696E-06     3.2248E-06     3.7348E-06     7.8028E+02     7.8028E+02
    2.9900E+01     2.5520E-06     2.0181E-04     4.9622E-07     7.2089E-06     3.1122E-06     3.6044E-06     7.6202E+02     7.6202E+02
    3.0000E+01     2.4917E-06     1.9829E-04     5.1097E-07     7.4902E-06     3.2337E-06     3.7451E-06     7.8171E+02     7.8171E+02
    3.0100E+01     2.4494E-06     1.9616E-04     6.1750E-07     9.0517E-06     3.9078E-06     4.5259E-06     8.8690E+02     8.8690E+02
    3.0200E+01     2.4140E-06     1.9467E-04     7.5929E-07     1.1130E-05     4.8052E-06     5.5651E-06     1.0179E+03     1.0179E+03
    3.0300E+01     2.3805E-06     1.9345E-04     8.4896E-07     1.2445E-05     5.3727E-06     6.2223E-06     1.0966E+03     1.0966E+03
    3.0400E+01     2.3484E-06     1.9245E-04     9.0197E-07     1.3222E-05     5.7081E-06     6.6109E-06     1.1418E+03     1.1418E+03
    3.0500E+01     2.3190E-06     1.9170E-04     1.0295E-06     1.5091E-05     6.5152E-06     7.5455E-06     1.2470E+03     1.2470E+03
    3.0600E+01     2.2919E-06     1.9102E-04     1.2932E-06     1.8956E-05     8.1839E-06     9.4782E-06     1.4517E+03     1.4517E+03
    3.0700E+01     2.2589E-06     1.8957E-04     1.6262E-06     2.3838E-05     1.0292E-05     1.1919E-05     1.6914E+03     1.6914E+03
    3.0800E+01     2.2095E-06     1.8646E-04     1.9324E-06     2.8327E-05     1.2229E-05     1.4163E-05     1.8975E+03     1.8975E+03
    3.0900E+01     2.1488E-06     1.8230E-04     2.2585E-06     3.3107E-05     1.4293E-05     1.6553E-05     2.1054E+03     2.1054E+03
    3.1000E+01     2.0882E-06     1.7820E-04     2.7738E-06     4.0660E-05     1.7554E-05     2.0330E-05     2.4145E+03     2.4145E+03
    3.1100E+01     2.0305E-06     1.7446E-04     3.5754E-06     5.2411E-05     2.2627E-05     2.6205E-05     2.8598E+03     2.8598E+03
    3.1200E+01     1.9785E-06     1.7129E-04     4.5891E-06     6.7271E-05     2.9042E-05     3.3635E-05     3.3776E+03     3.3776E+03
    3.1300E+01     1.9373E-06     1.6908E-04     5.7303E-06     8.3999E-05     3.6264E-05     4.1999E-05     3.9165E+03     3.9165E+03
    3.1400E+01     1.9136E-06     1.6832E-04     7.1389E-06     1.0465E-04     4.5179E-05     5.2324E-05     4.5346E+03     4.5346E+03
    3.1500E+01     1.9107E-06     1.6926E-04     9.1338E-06     1.3389E-04     5.7803E-05     6.6945E-05     5.3442E+03     5.3442E+03
    3.1600E+01     1.9205E-06     1.7119E-04     1.1929E-05     1.7486E-04     7.5490E-05     8.7429E-05     6.3852E+03     6.3852E+03
    3.1700E+01     1.9239E-06     1.7251E-04     1.5516E-05     2.2744E-04     9.8191E-05     1.1372E-04     7.6085E+03     7.6085E+03
    3.1800E+01     1.9013E-06     1.7147E-04     1.9946E-05     2.9239E-04     1.2623E-04     1.4619E-04     8.9955E+03     8.9955E+03
    3.1900E+01     1.8464E-06     1.6750E-04     2.5672E-05     3.7632E-04     1.6247E-04     1.8816E-04     1.0644E+04     1.0644E+04
    3.2000E+01     1.7788E-06     1.6240E-04     3.3452E-05     4.9037E-04     2.1170E-04     2.4518E-04     1.2698E+04     1.2698E+04
    3.2100E+01     1.7187E-06     1.5799E-04     4.3933E-05     6.4400E-04     2.7803E-04     3.2200E-04     1.5228E+04     1.5228E+04
    3.2200E+01     1.6747E-06     1.5499E-04     5.7551E-05     8.4363E-04     3.6421E-04     4.2181E-04     1.8231E+04     1.8231E+04
    3.2300E+01     1.6524E-06     1.5388E-04     7.5042E-05     1.1000E-03     4.7490E-04     5.5001E-04     2.1760E+04     2.1760E+04
    3.2400E+01     1.6489E-06     1.5438E-04     9.7975E-05     1.4362E-03     6.2004E-04     7.1809E-04     2.5993E+04     2.5993E+04
    3.2500E+01     1.6529E-06     1.5558E-04     1.2860E-04     1.8851E-03     8.1383E-04     9.4253E-04     3.1161E+04     3.1161E+04
    3.2600E+01     1.6566E-06     1.5680E-04     1.6926E-04     2.4812E-03     1.0712E-03     1.2406E-03     3.7425E+04     3.7425E+04
    3.2700E+01     1.6567E-06     1.5772E-04     2.2249E-04     3.2614E-03     1.4080E-03     1.6307E-03     4.4908E+04     4.4908E+04
    3.2800E+01     1.6440E-06     1.5743E-04     2.9194E-04     4.2795E-03     1.8476E-03     2.1398E-03     5.3825E+04     5.3825E+04
    3.2900E+01     1.6032E-06     1.5437E-04     3.8339E-04     5.6201E-03     2.4263E-03     2.8100E-03     6.4548E+04     6.4548E+04
    3.3000E+01     1.5483E-06     1.4987E-04     5.0459E-04     7.3967E-03     3.1933E-03     3.6984E-03     7.7520E+04     7.7520E+04
    3.3100E+01     1.5046E-06     1.4636E-04     6.6474E-04     9.7443E-03     4.2068E-03     4.8722E-03     9.3158E+04     9.3158E+04
    3.3200E+01     1.4771E-06     1.4428E-04     8.7515E-04     1.2829E-02     5.5384E-03     6.4143E-03     1.1190E+05     1.1190E+05
    3.3300E+01     1.4602E-06     1.4315E-04     1.1514E-03     1.6878E-02     7.2868E-03     8.4392E-03     1.3436E+05     1.3436E+05
    3.3400E+01     1.4484E-06     1.4249E-04     1.5156E-03     2.2217E-02     9.5914E-03     1.1108E-02     1.6138E+05     1.6138E+05
    3.3500E+01     1.4416E-06     1.4230E-04     1.9967E-03     2.9269E-02     1.2636E-02     1.4634E-02     1.9394E+05     1.9394E+05
    3.3600E+01     1.4421E-06     1.4285E-04     2.6313E-03     3.8572E-02     1.6652E-02     1.9286E-02     2.3311E+05     2.3311E+05
    3.3700E+01     1.4339E-06     1.4244E-04     3.4666E-03     5.0816E-02     2.1939E-02     2.5408E-02     2.8015E+05     2.8015E+05
    3.3800E+01     1.4047E-06     1.3973E-04     4.5661E-03     6.6933E-02     2.8896E-02     3.3466E-02     3.3662E+05     3.3662E+05
    3.3900E+01     1.3733E-06     1.3670E-04     6.0155E-03     8.8180E-02     3.8069E-02     4.4090E-02     4.0455E+05     4.0455E+05
    3.4000E+01     1.3431E-06     1.3362E-04     7.9279E-03     1.1621E-01     5.0172E-02     5.8107E-02     4.8629E+05     4.8629E+05
    3.4100E+01     1.3149E-06     1.3053E-04     1.0449E-02     1.5317E-01     6.6128E-02     7.6586E-02     5.8458E+05     5.8458E+05
    3.4200E+01     1.2917E-06     1.2779E-04     1.3771E-02     2.0186E-01     8.7147E-02     1.0093E-01     7.0267E+05     7.0267E+05
    3.4300E+01     1.2736E-06     1.2533E-04     1.8146E-02     2.6600E-01     1.1484E-01     1.3300E-01     8.4459E+05     8.4459E+05
    3.4400E+01     1.2611E-06     1.2319E-04     2.3915E-02     3.5056E-01     1.5135E-01     1.7528E-01     1.0152E+06     1.0152E+06
    3.4500E+01     1.2554E-06     1.2140E-04     3.1522E-02     4.6207E-01     1.9949E-01     2.3103E-01     1.2205E+06     1.2205E+06
    3.4600E+01     1.2530E-06     1.1951E-04     4.1549E-02     6.0905E-01     2.6294E-01     3.0453E-01     1.4672E+06     1.4672E+06
    3.4700E+01     1.2510E-06     1.1711E-04     5.4763E-02     8.0275E-01     3.4657E-01     4.0138E-01     1.7638E+06     1.7638E+06
    3.4800E+01     1.2518E-06     1.1421E-04     7.2178E-02     1.0580E+00     4.5678E-01     5.2902E-01     2.1202E+06     2.1202E+06
    3.4900E+01     1.2483E-06     1.0998E-04     9.5135E-02     1.3946E+00     6.0206E-01     6.9728E-01     2.5489E+06     2.5489E+06
    3.5000E+01     1.2509E-06     1.0500E-04     1.2540E-01     1.8382E+00     7.9360E-01     9.1911E-01     3.0642E+06     3.0642E+06
    3.5100E+01     1.2653E-06     9.9247E-05     1.6530E-01     2.4230E+00     1.0461E+00     1.2115E+00     3.6838E+06     3.6838E+06
    3.5200E+01     1.2883E-06     9.2097E-05     2.1788E-01     3.1938E+00     1.3788E+00     1.5969E+00     4.4285E+06     4.4285E+06
    3.5300E+01     1.2994E-06     8.2333E-05     2.8719E-01     4.2098E+00     1.8175E+00     2.1049E+00     5.3239E+06     5.3239E+06
    3.5400E+01     1.2392E-06     6.8305E-05     3.7855E-01     5.5490E+00     2.3957E+00     2.7745E+00     6.4003E+06     6.4003E+06
    3.5500E+01     1.0251E-06     4.9956E-05     4.9899E-01     7.3145E+00     3.1578E+00     3.6572E+00     7.6944E+06     7.6944E+06
    3.5600E+01     7.1872E-07     3.0911E-05     6.5774E-01     9.6417E+00     4.1625E+00     4.8208E+00     9.2503E+06     9.2503E+06
    3.5700E+01     3.8527E-07     1.4623E-05     8.6700E-01     1.2709E+01     5.4868E+00     6.3545E+00     1.1121E+07     1.1121E+07
    3.5800E+01     1.3493E-07     4.6084E-06     1.1428E+00     1.6752E+01     7.2324E+00     8.3762E+00     1.3369E+07     1.3369E+07
    3.5900E+01     2.6079E-08     8.2325E-07     1.5064E+00     2.2082E+01     9.5334E+00     1.1041E+01     1.6072E+07     1.6072E+07
    3.6000E+01     2.3113E-09     6.9270E-08     1.9857E+00     2.9108E+01     1.2567E+01     1.4554E+01     1.9322E+07     1.9322E+07
    3.6100E+01     7.7390E-11     2.2578E-09     2.6175E+00     3.8369E+01     1.6565E+01     1.9185E+01     2.3230E+07     2.3230E+07
    3.6200E+01     8.2525E-13     2.5117E-11     3.4503E+00     5.0577E+01     2.1835E+01     2.5288E+01     2.7927E+07     2.7927E+07
    3.6300E+01     9.3227E-15     1.3708E-12     4.5480E+00     6.6668E+01     2.8782E+01     3.3334E+01     3.3574E+07     3.3574E+07
    3.6400E+01     7.2315E-15     1.1675E-12     5.9950E+00     8.7879E+01     3.7939E+01     4.3940E+01     4.0362E+07     4.0362E+07
    3.6500E+01     6.8258E-15     9.4001E-13     7.9024E+00     1.1584E+02     5.0011E+01     5.7920E+01     4.8524E+07     4.8524E+07
    3.6600E+01     5.4352E-15     6.3002E-13     1.0417E+01     1.5270E+02     6.5922E+01     7.6348E+01     5.8336E+07     5.8336E+07
    3.6700E+01     3.3205E-15     3.1950E-13     1.3731E+01     2.0128E+02     8.6896E+01     1.0064E+02     7.0132E+07     7.0132E+07
    3.6800E+01     1.2368E-15     9.7178E-14     1.8100E+01     2.6532E+02     1.1454E+02     1.3266E+02     8.4314E+07     8.4314E+07
    3.6900E+01     1.8700E-16     1.2162E-14     2.3858E+01     3.4973E+02     1.5099E+02     1.7487E+02     1.0136E+08     1.0136E+08
    3.7000E+01     7.1202E-18     3.8981E-16     3.1449E+01     4.6101E+02     1.9903E+02     2.3050E+02     1.2186E+08     1.2186E+08
    3.7100E+01     0.0000E+00     1.9779E-18     4.1455E+01     6.0768E+02     2.6235E+02     3.0384E+02     1.4650E+08     1.4650E+08
    3.7200E+01     0.0000E+00     0.0000E+00     5.4645E+01     8.0103E+02     3.4582E+02     4.0051E+02     1.7612E+08     1.7612E+08
    3.7300E+01     0.0000E+00     0.0000E+00     7.2031E+01     1.0559E+03     4.5585E+02     5.2794E+02     2.1174E+08     2.1174E+08
    3.7400E+01     0.0000E+00     0.0000E+00     9.4949E+01     1.3918E+03     6.0089E+02     6.9592E+02     2.5455E+08     2.5455E+08
    3.7500E+01     0.0000E+00     0.0000E+00     1.2516E+02     1.8347E+03     7.9207E+02     9.1734E+02     3.0603E+08     3.0603E+08
    3.7600E+01     0.0000E+00     0.0000E+00     1.6498E+02     2.4184E+03     1.0441E+03     1.2092E+03     3.6791E+08     3.6791E+08
    3.7700E+01     2.0398E-19     1.2118E-19     2.1747E+02     3.1879E+03     1.3763E+03     1.5939E+03     4.4230E+08     4.4230E+08
    3.7800E+01     0.0000E+00     0.0000E+00     2.8666E+02     4.2021E+03     1.8142E+03     2.1011E+03     5.3174E+08     5.3174E+08
    3.7900E+01     0.0000E+00     0.0000E+00     3.7787E+02     5.5391E+03     2.3914E+03     2.7696E+03     6.3927E+08     6.3927E+08
    3.8000E+01     0.0000E+00     0.0000E+00     4.9810E+02     7.3015E+03     3.1522E+03     3.6507E+03     7.6853E+08     7.6853E+08
    3.8100E+01     0.0000E+00     0.0000E+00     6.5658E+02     9.6246E+03     4.1552E+03     4.8123E+03     9.2394E+08     9.2394E+08
    3.8200E+01     5.0717E-20     0.0000E+00     8.6548E+02     1.2687E+04     5.4772E+03     6.3434E+03     1.1108E+09     1.1108E+09
    3.8300E+01     0.0000E+00     2.0355E-19     1.1408E+03     1.6723E+04     7.2199E+03     8.3617E+03     1.3354E+09     1.3354E+09
    3.8400E+01     0.0000E+00     0.0000E+00     1.5038E+03     2.2044E+04     9.5170E+03     1.1022E+04     1.6054E+09     1.6054E+09
    3.8500E+01     0.0000E+00     0.0000E+00     1.9823E+03     2.9058E+04     1.2545E+04     1.4529E+04     1.9300E+09     1.9300E+09
    3.8600E+01     0.0000E+00     0.0000E+00     2.6130E+03     3.8303E+04     1.6536E+04     1.9152E+04     2.3203E+09     2.3203E+09
    3.8700E+01     0.0000E+00     0.0000E+00     3.4444E+03     5.0490E+04     2.1798E+04     2.5245E+04     2.7895E+09     2.7895E+09
    3.8800E+01     0.0000E+00     0.0000E+00     4.5403E+03     6.6555E+04     2.8733E+04     3.3277E+04     3.3536E+09     3.3536E+09
    3.8900E+01     0.0000E+00     0.0000E+00     5.9848E+03     8.7730E+04     3.7875E+04     4.3865E+04     4.0317E+09     4.0317E+09
    3.9000E+01     0.0000E+00     0.0000E+00     7.8890E+03     1.1564E+05     4.9926E+04     5.7822E+04     4.8469E+09     4.8469E+09
    3.9100E+01     0.0000E+00     0.0000E+00     1.0399E+04     1.5244E+05     6.5811E+04     7.6219E+04     5.8270E+09     5.8270E+09
    3.9200E+01     0.0000E+00     0.0000E+00     1.3708E+04     2.0094E+05     8.6750E+04     1.0047E+05     7.0053E+09     7.0053E+09
    3.9300E+01     0.0000E+00     0.0000E+00     1.8069E+04     2.6487E+05     1.1435E+05     1.3243E+05     8.4219E+09     8.4219E+09
    3.9400E+01     0.0000E+00     0.0000E+00     1.5073E+05     3.4914E+05     1.5073E+05     1.7457E+05     1.0125E+10     1.0125E+10
    3.9500E+01     0.0000E+00     0.0000E+00     1.6527E+05     4.6023E+05     1.9869E+05     2.3011E+05     1.2172E+10     1.2172E+10
