   -8.0000E+00     3.0534E-25     2.0943E-26     1.2102E-06     4.6869E-06     2.0234E-06     2.3435E-06     5.7189E+02     5.7189E+02
   -7.9000E+00     3.0533E-25     2.0942E-26     1.2043E-06     4.6185E-06     1.9939E-06     2.3093E-06     5.6631E+02     5.6631E+02
   -7.8000E+00     3.0533E-25     2.0942E-26     1.1367E-06     3.8831E-06     1.6764E-06     1.9415E-06     5.0447E+02     5.0447E+02
   -7.7000E+00     6.1675E-25     3.9716E-26     2.5333E-07     3.5474E-06     1.5315E-06     1.7737E-06     4.7497E+02     4.7497E+02
   -7.6000E+00     2.1100E-25     1.5279E-26     2.7729E-07     4.0645E-06     1.7547E-06     2.0323E-06     5.2007E+02     5.2007E+02
   -7.5000E+00     5.8623E-26     6.2416E-27     1.2209E-06     4.7272E-06     2.0408E-06     2.3636E-06     5.7516E+02     5.7516E+02
   -7.4000E+00     8.3120E-26     8.6770E-27     1.4412E-06     4.5575E-06     1.9676E-06     2.2788E-06     5.6131E+02     5.6131E+02
   -7.3000E+00     3.7023E-25     3.1280E-26     1.0841E-06     3.8128E-06     1.6461E-06     1.9064E-06     4.9837E+02     4.9837E+02
   -7.2000E+00     6.8208E-25     7.6387E-26     2.4705E-07     3.5647E-06     1.5389E-06     1.7823E-06     4.7650E+02     4.7650E+02
   -7.1000E+00     5.5350E-25     1.8114E-25     2.8287E-07     4.1466E-06     1.7902E-06     2.0733E-06     5.2704E+02     5.2704E+02
   -7.0000E+00     1.5091E-24     6.8307E-25     1.2922E-06     4.7571E-06     2.0537E-06     2.3785E-06     5.7758E+02     5.7758E+02
   -6.9000E+00     5.9521E-24     2.8037E-24     1.4251E-06     4.4895E-06     1.9382E-06     2.2447E-06     5.5571E+02     5.5571E+02
   -6.8000E+00     2.6590E-23     1.2183E-23     1.0124E-06     3.7487E-06     1.6184E-06     1.8744E-06     4.9277E+02     4.9277E+02
   -6.7000E+00     1.1522E-22     5.2332E-23     2.4662E-07     3.5919E-06     1.5507E-06     1.7959E-06     4.7893E+02     4.7893E+02
   -6.6000E+00     4.3797E-22     2.0447E-22     2.8851E-07     4.2292E-06     1.8258E-06     2.1146E-06     5.3402E+02     5.3402E+02
   -6.5000E+00     1.5478E-21     7.4932E-22     1.3445E-06     4.7760E-06     2.0619E-06     2.3880E-06     5.7912E+02     5.7912E+02
   -6.4000E+00     5.7173E-21     2.8226E-21     1.4037E-06     4.4157E-06     1.9064E-06     2.2078E-06     5.4961E+02     5.4961E+02
   -6.3000E+00     2.3165E-20     1.1124E-20     9.0269E-07     3.6918E-06     1.5939E-06     1.8459E-06     4.8777E+02     4.8777E+02
   -6.2000E+00     9.0968E-20     4.3105E-20     2.4792E-07     3.6287E-06     1.5666E-06     1.8144E-06     4.8220E+02     4.8220E+02
   -6.1000E+00     3.1418E-19     1.5265E-19     2.9408E-07     4.3108E-06     1.8611E-06     2.1554E-06     5.4087E+02     5.4087E+02
   -6.0000E+00     1.0161E-18     5.1194E-19     1.3847E-06     4.7837E-06     2.0652E-06     2.3918E-06     5.7973E+02     5.7973E+02
   -5.9000E+00     3.4407E-18     1.7621E-18     1.3773E-06     4.3376E-06     1.8726E-06     2.1688E-06     5.4310E+02     5.4310E+02
   -5.8000E+00     1.2618E-17     6.2955E-18     4.9998E-07     3.6430E-06     1.5728E-06     1.8215E-06     4.8346E+02     4.8346E+02
   -5.7000E+00     4.4479E-17     2.1985E-17     2.5080E-07     3.6746E-06     1.5864E-06     1.8373E-06     4.8626E+02     4.8626E+02
   -5.6000E+00     1.3922E-16     7.0619E-17     2.9949E-07     4.3901E-06     1.8953E-06     2.1950E-06     5.4748E+02     5.4748E+02
   -5.5000E+00     4.1228E-16     2.1680E-16     1.4151E-06     4.7798E-06     2.0636E-06     2.3899E-06     5.7942E+02     5.7942E+02
   -5.4000E+00     1.2784E-15     6.8142E-16     1.3460E-06     4.2565E-06     1.8376E-06     2.1283E-06     5.3632E+02     5.3632E+02
   -5.3000E+00     4.2290E-15     2.2051E-15     2.7051E-07     3.6031E-06     1.5555E-06     1.8016E-06     4.7992E+02     4.7992E+02
   -5.2000E+00     1.3226E-14     6.9350E-15     2.5448E-07     3.7289E-06     1.6099E-06     1.8645E-06     4.9103E+02     4.9103E+02
   -5.1000E+00     3.5321E-14     2.0095E-14     3.0463E-07     4.4655E-06     1.9278E-06     2.2327E-06     5.5373E+02     5.5373E+02
   -5.0000E+00     9.6237E-14     5.6518E-14     1.4371E-06     4.7646E-06     2.0570E-06     2.3823E-06     5.7819E+02     5.7819E+02
   -4.9000E+00     2.7237E-13     1.6208E-13     1.3102E-06     4.1741E-06     1.8020E-06     2.0870E-06     5.2937E+02     5.2937E+02
   -4.8000E+00     8.1132E-13     4.7482E-13     2.6676E-07     3.5726E-06     1.5424E-06     1.7863E-06     4.7721E+02     4.7721E+02
   -4.7000E+00     2.3166E-12     1.3503E-12     2.5867E-07     3.7907E-06     1.6365E-06     1.8954E-06     4.9644E+02     4.9644E+02
   -4.6000E+00     6.0240E-12     3.5843E-12     3.0955E-07     4.5356E-06     1.9581E-06     2.2678E-06     5.5951E+02     5.5951E+02
   -4.5000E+00     1.5029E-11     9.2258E-12     1.4512E-06     4.7383E-06     2.0456E-06     2.3691E-06     5.7606E+02     5.7606E+02
   -4.4000E+00     3.8866E-11     2.4127E-11     1.2698E-06     4.0917E-06     1.7665E-06     2.0458E-06     5.2238E+02     5.2238E+02
   -4.3000E+00     1.0460E-10     6.4016E-11     2.6250E-07     3.5520E-06     1.5335E-06     1.7760E-06     4.7538E+02     4.7538E+02
   -4.2000E+00     2.6903E-10     1.6451E-10     2.6331E-07     3.8591E-06     1.6660E-06     1.9295E-06     5.0239E+02     5.0239E+02
   -4.1000E+00     6.3610E-10     3.9731E-10     3.3058E-07     4.5991E-06     1.9855E-06     2.2995E-06     5.6472E+02     5.6472E+02
   -4.0000E+00     1.4534E-09     9.3557E-10     1.4572E-06     4.7014E-06     2.0297E-06     2.3507E-06     5.7307E+02     5.7307E+02
   -3.9000E+00     3.4306E-09     2.2300E-09     1.2266E-06     4.0108E-06     1.7316E-06     2.0054E-06     5.1548E+02     5.1548E+02
   -3.8000E+00     8.3393E-09     5.3588E-09     2.5648E-07     3.5417E-06     1.5290E-06     1.7708E-06     4.7445E+02     4.7445E+02
   -3.7000E+00     1.9338E-08     1.2455E-08     2.6832E-07     3.9328E-06     1.6979E-06     1.9664E-06     5.0877E+02     5.0877E+02
   -3.6000E+00     4.1615E-08     2.7391E-08     9.6696E-07     4.6547E-06     2.0095E-06     2.3273E-06     5.6927E+02     5.6927E+02
   -3.5000E+00     8.7058E-08     5.8982E-08     1.4558E-06     4.6547E-06     2.0095E-06     2.3273E-06     5.6926E+02     5.6926E+02
   -3.4000E+00     1.8741E-07     1.2808E-07     1.1785E-06     3.9328E-06     1.6979E-06     1.9664E-06     5.0877E+02     5.0877E+02
   -3.3000E+00     4.1140E-07     2.7880E-07     2.5150E-07     3.5417E-06     1.5290E-06     1.7708E-06     4.7445E+02     4.7445E+02
   -3.2000E+00     8.6114E-07     5.8669E-07     2.7362E-07     4.0108E-06     1.7316E-06     2.0054E-06     5.1548E+02     5.1548E+02
   -3.1000E+00     1.6876E-06     1.1754E-06     1.1490E-06     4.7014E-06     2.0297E-06     2.3507E-06     5.7307E+02     5.7307E+02
   -3.0000E+00     3.2317E-06     2.3134E-06     1.4446E-06     4.5990E-06     1.9855E-06     2.2995E-06     5.6472E+02     5.6472E+02
   -2.9000E+00     6.3445E-06     4.5759E-06     1.1186E-06     3.8590E-06     1.6660E-06     1.9295E-06     5.0239E+02     5.0239E+02
   -2.8000E+00     1.2587E-05     9.0299E-06     2.4732E-07     3.5520E-06     1.5335E-06     1.7760E-06     4.7538E+02     4.7538E+02
   -2.7000E+00     2.3818E-05     1.7221E-05     2.7913E-07     4.0917E-06     1.7665E-06     2.0459E-06     5.2238E+02     5.2238E+02
   -2.6000E+00     4.2483E-05     3.1432E-05     1.2413E-06     4.7383E-06     2.0456E-06     2.3692E-06     5.7606E+02     5.7606E+02
   -2.5000E+00     7.4537E-05     5.6457E-05     1.3712E-06     4.5356E-06     1.9581E-06     2.2678E-06     5.5951E+02     5.5951E+02
   -2.4000E+00     1.3334E-04     1.0157E-04     1.0293E-06     3.7907E-06     1.6365E-06     1.8954E-06     4.9644E+02     4.9644E+02
   -2.3000E+00     2.3900E-04     1.8176E-04     2.4528E-07     3.5726E-06     1.5424E-06     1.7863E-06     4.7721E+02     4.7721E+02
   -2.2000E+00     4.0943E-04     3.1478E-04     2.8588E-07     4.1741E-06     1.8021E-06     2.0870E-06     5.2937E+02     5.2937E+02
   -2.1000E+00     6.6235E-04     5.2046E-04     1.4456E-06     4.7646E-06     2.0570E-06     2.3823E-06     5.7819E+02     5.7819E+02
   -2.0000E+00     1.0508E-03     8.4400E-04     1.4946E-06     4.4654E-06     1.9278E-06     2.2327E-06     5.5373E+02     5.5373E+02
   -1.9000E+00     1.6907E-03     1.3681E-03     2.4941E-06     3.7289E-06     1.6099E-06     1.8645E-06     4.9103E+02     4.9103E+02
   -1.8000E+00     2.7190E-03     2.2144E-03     8.9013E-07     3.6031E-06     1.5555E-06     1.8016E-06     4.7992E+02     4.7992E+02
   -1.7000E+00     4.1955E-03     3.4749E-03     3.7625E-06     4.2565E-06     1.8376E-06     2.1283E-06     5.3632E+02     5.3632E+02
   -1.6000E+00     6.1797E-03     5.2397E-03     1.1695E-05     4.7798E-06     2.0636E-06     2.3899E-06     5.7942E+02     5.7942E+02
   -1.5000E+00     8.9875E-03     7.7913E-03     1.2473E-05     4.3901E-06     1.8953E-06     2.1950E-06     5.4748E+02     5.4748E+02
   -1.4000E+00     1.3235E-02     1.1584E-02     2.6228E-05     3.6746E-06     1.5864E-06     1.8373E-06     4.8625E+02     4.8625E+02
   -1.3000E+00     1.9336E-02     1.7090E-02     1.7693E-05     3.6431E-06     1.5728E-06     1.8215E-06     4.8346E+02     4.8346E+02
   -1.2000E+00     2.7105E-02     2.4433E-02     4.5442E-05     4.3376E-06     1.8726E-06     2.1688E-06     5.4311E+02     5.4311E+02
   -1.1000E+00     3.6547E-02     3.3697E-02     8.2080E-05     4.7837E-06     2.0652E-06     2.3918E-06     5.7973E+02     5.7973E+02
   -1.0000E+00     4.8602E-02     4.5635E-02     8.5990E-05     4.3108E-06     1.8611E-06     2.1554E-06     5.4087E+02     5.4087E+02
   -9.0000E-01     6.4843E-02     6.1537E-02     1.6243E-04     3.6287E-06     1.5666E-06     1.8144E-06     4.8220E+02     4.8220E+02
   -8.0000E-01     8.5614E-02     8.2260E-02     1.3896E-04     3.6918E-06     1.5939E-06     1.8459E-06     4.8777E+02     4.8777E+02
   -7.0000E-01     1.0875E-01     1.0636E-01     3.5234E-04     4.4157E-06     1.9064E-06     2.2078E-06     5.4961E+02     5.4961E+02
   -6.0000E-01     1.3301E-01     1.3254E-01     5.3387E-04     4.7760E-06     2.0619E-06     2.3880E-06     5.7912E+02     5.7912E+02
   -5.0000E-01     1.6050E-01     1.6281E-01     5.4399E-04     4.2291E-06     1.8258E-06     2.1146E-06     5.3402E+02     5.3402E+02
   -4.0000E-01     1.9417E-01     1.9988E-01     7.6325E-04     3.5919E-06     1.5507E-06     1.7959E-06     4.7893E+02     4.7893E+02
   -3.0000E-01     2.3172E-01     2.4266E-01     6.0512E-04     3.7487E-06     1.6184E-06     1.8744E-06     4.9277E+02     4.9277E+02
   -2.0000E-01     2.6626E-01     2.8498E-01     1.3266E-03     4.4895E-06     1.9382E-06     2.2447E-06     5.5571E+02     5.5571E+02
   -1.0000E-01     2.9589E-01     3.2378E-01     1.6002E-03     4.7571E-06     2.0537E-06     2.3785E-06     5.7758E+02     5.7758E+02
    0.0000E+00     3.2501E-01     3.6295E-01     1.6068E-03     4.1465E-06     1.7902E-06     2.0733E-06     5.2704E+02     5.2704E+02
    1.0000E-01     3.5941E-01     4.0791E-01     1.7061E-03     3.5646E-06     1.5389E-06     1.7823E-06     4.7650E+02     4.7650E+02
    2.0000E-01     3.8862E-01     4.5111E-01     1.3811E-03     3.8128E-06     1.6461E-06     1.9064E-06     4.9837E+02     4.9837E+02
    3.0000E-01     4.0077E-01     4.8183E-01     2.7942E-03     4.5575E-06     1.9676E-06     2.2788E-06     5.6131E+02     5.6131E+02
    4.0000E-01     4.0693E-01     5.0327E-01     2.5863E-03     4.7271E-06     2.0408E-06     2.3636E-06     5.7516E+02     5.7516E+02
    5.0000E-01     4.1025E-01     5.1831E-01     2.5615E-03     4.0645E-06     1.7547E-06     2.0322E-06     5.2007E+02     5.2007E+02
    6.0000E-01     4.1050E-01     5.3205E-01     2.1943E-03     3.5474E-06     1.5315E-06     1.7737E-06     4.7497E+02     4.7497E+02
    7.0000E-01     4.0296E-01     5.4077E-01     1.6474E-03     3.8831E-06     1.6764E-06     1.9415E-06     5.0447E+02     5.0447E+02
    8.0000E-01     3.8362E-01     5.3148E-01     3.5058E-03     4.6185E-06     1.9939E-06     2.3093E-06     5.6631E+02     5.6631E+02
    9.0000E-01     3.5784E-01     5.1322E-01     2.5514E-03     4.6869E-06     2.0234E-06     2.3434E-06     5.7189E+02     5.7189E+02
    1.0000E+00     3.3178E-01     4.9130E-01     2.5037E-03     3.9844E-06     1.7202E-06     1.9922E-06     5.1321E+02     5.1321E+02
    1.1000E+00     3.0263E-01     4.6162E-01     2.7535E-03     3.5405E-06     1.5285E-06     1.7703E-06     4.7435E+02     4.7435E+02
    1.2000E+00     2.6850E-01     4.2666E-01     2.0493E-03     3.9584E-06     1.7089E-06     1.9792E-06     5.1098E+02     5.1098E+02
    1.3000E+00     2.3557E-01     3.8751E-01     4.9062E-03     4.6713E-06     2.0167E-06     2.3357E-06     5.7062E+02     5.7062E+02
    1.4000E+00     2.0168E-01     3.4394E-01     3.0180E-03     4.6371E-06     2.0019E-06     2.3185E-06     5.6783E+02     5.6783E+02
    1.5000E+00     1.6971E-01     2.9879E-01     3.0396E-03     3.9077E-06     1.6870E-06     1.9539E-06     5.0660E+02     5.0660E+02
    1.6000E+00     1.4077E-01     2.6320E-01     1.4296E-03     3.5440E-06     1.5300E-06     1.7720E-06     4.7466E+02     4.7466E+02
    1.7000E+00     1.1355E-01     2.2835E-01     9.7961E-04     4.0375E-06     1.7431E-06     2.0188E-06     5.1776E+02     5.1776E+02
    1.8000E+00     9.1249E-02     1.9481E-01     1.9058E-03     4.7148E-06     2.0355E-06     2.3574E-06     5.7416E+02     5.7416E+02
    1.9000E+00     7.1985E-02     1.6279E-01     1.1005E-03     4.5787E-06     1.9767E-06     2.2893E-06     5.6305E+02     5.6305E+02
    2.0000E+00     5.5780E-02     1.3298E-01     1.0975E-03     3.8356E-06     1.6559E-06     1.9178E-06     5.0035E+02     5.0035E+02
    2.1000E+00     4.2099E-02     1.0882E-01     4.0692E-04     3.5578E-06     1.5360E-06     1.7789E-06     4.7589E+02     4.7589E+02
    2.2000E+00     3.1052E-02     8.8822E-02     3.8784E-04     4.1191E-06     1.7783E-06     2.0595E-06     5.2471E+02     5.2471E+02
    2.3000E+00     2.3070E-02     7.1475E-02     8.9412E-04     4.7483E-06     2.0499E-06     2.3741E-06     5.7687E+02     5.7687E+02
    2.4000E+00     1.6846E-02     5.7306E-02     4.7108E-04     4.5129E-06     1.9483E-06     2.2564E-06     5.5764E+02     5.5764E+02
    2.5000E+00     1.2182E-02     4.5795E-02     4.8632E-04     3.7693E-06     1.6273E-06     1.8847E-06     4.9457E+02     4.9457E+02
    2.6000E+00     8.5944E-03     3.6989E-02     1.1314E-04     3.5817E-06     1.5463E-06     1.7909E-06     4.7802E+02     4.7802E+02
    2.7000E+00     5.9816E-03     2.9793E-02     8.2559E-05     4.2016E-06     1.8139E-06     2.1008E-06     5.3170E+02     5.3170E+02
    2.8000E+00     4.1637E-03     2.3840E-02     1.1942E-04     4.7709E-06     2.0597E-06     2.3855E-06     5.7870E+02     5.7870E+02
    2.9000E+00     2.8846E-03     1.9289E-02     6.0785E-05     4.4408E-06     1.9172E-06     2.2204E-06     5.5169E+02     5.5169E+02
    3.0000E+00     2.0439E-03     1.5680E-02     9.5397E-05     3.7099E-06     1.6017E-06     1.8550E-06     4.8936E+02     4.8936E+02
    3.1000E+00     1.4309E-03     1.2928E-02     8.7075E-06     3.6154E-06     1.5609E-06     1.8077E-06     4.8101E+02     4.8101E+02
    3.2000E+00     1.0084E-03     1.0705E-02     6.5761E-07     4.2838E-06     1.8494E-06     2.1419E-06     5.3861E+02     5.3861E+02
    3.3000E+00     7.1430E-04     8.9082E-03     1.3111E-06     4.7824E-06     2.0647E-06     2.3912E-06     5.7963E+02     5.7963E+02
    3.4000E+00     4.9878E-04     7.4582E-03     1.3061E-06     4.3640E-06     1.8840E-06     2.1820E-06     5.4531E+02     5.4531E+02
    3.5000E+00     3.4686E-04     6.2985E-03     7.9399E-07     3.6584E-06     1.5794E-06     1.8292E-06     4.8482E+02     4.8482E+02
    3.6000E+00     2.4593E-04     5.3720E-03     2.4997E-07     3.6584E-06     1.5794E-06     1.8292E-06     4.8482E+02     4.8482E+02
    3.7000E+00     1.7912E-04     4.6230E-03     2.9771E-07     4.3640E-06     1.8840E-06     2.1820E-06     5.4531E+02     5.4531E+02
    3.8000E+00     1.3359E-04     4.0093E-03     1.3870E-06     4.7824E-06     2.0647E-06     2.3912E-06     5.7963E+02     5.7963E+02
    3.9000E+00     1.0173E-04     3.5008E-03     1.3484E-06     4.2838E-06     1.8494E-06     2.1419E-06     5.3861E+02     5.3861E+02
    4.0000E+00     7.9035E-05     3.0756E-03     2.7557E-07     3.6154E-06     1.5609E-06     1.8077E-06     4.8102E+02     4.8102E+02
    4.1000E+00     6.2551E-05     2.7169E-03     2.5319E-07     3.7099E-06     1.6017E-06     1.8550E-06     4.8936E+02     4.8936E+02
    4.2000E+00     5.0325E-05     2.4117E-03     3.0295E-07     4.4408E-06     1.9172E-06     2.2204E-06     5.5169E+02     5.5169E+02
    4.3000E+00     4.1060E-05     2.1499E-03     1.4291E-06     4.7709E-06     2.0597E-06     2.3855E-06     5.7870E+02     5.7870E+02
    4.4000E+00     3.3898E-05     1.9237E-03     1.3220E-06     4.2016E-06     1.8140E-06     2.1008E-06     5.3170E+02     5.3170E+02
    4.5000E+00     2.8263E-05     1.7268E-03     2.6792E-07     3.5817E-06     1.5463E-06     1.7909E-06     4.7802E+02     4.7802E+02
    4.6000E+00     2.3759E-05     1.5541E-03     2.5722E-07     3.7693E-06     1.6273E-06     1.8847E-06     4.9457E+02     4.9457E+02
    4.7000E+00     2.0112E-05     1.4018E-03     3.0789E-07     4.5129E-06     1.9483E-06     2.2564E-06     5.5764E+02     5.5764E+02
    4.8000E+00     1.7122E-05     1.2663E-03     1.4471E-06     4.7483E-06     2.0499E-06     2.3741E-06     5.7687E+02     5.7687E+02
    4.9000E+00     1.4645E-05     1.1449E-03     1.2836E-06     4.1191E-06     1.7783E-06     2.0595E-06     5.2471E+02     5.2471E+02
    5.0000E+00     1.2573E-05     1.0355E-03     2.6407E-07     3.5578E-06     1.5360E-06     1.7789E-06     4.7589E+02     4.7589E+02
    5.1000E+00     1.0824E-05     9.3607E-04     2.6172E-07     3.8356E-06     1.6559E-06     1.9178E-06     5.0035E+02     5.0035E+02
    5.2000E+00     9.3356E-06     8.4505E-04     3.1565E-07     4.5787E-06     1.9767E-06     2.2893E-06     5.6305E+02     5.6305E+02
    5.3000E+00     8.0584E-06     7.6114E-04     1.4561E-06     4.7149E-06     2.0355E-06     2.3574E-06     5.7416E+02     5.7416E+02
    5.4000E+00     6.9537E-06     6.8324E-04     1.2414E-06     4.0375E-06     1.7431E-06     2.0188E-06     5.1776E+02     5.1776E+02
    5.5000E+00     5.9909E-06     6.1045E-04     2.5849E-07     3.5440E-06     1.5300E-06     1.7720E-06     4.7466E+02     4.7466E+02
    5.6000E+00     5.1470E-06     5.4225E-04     2.6661E-07     3.9077E-06     1.6870E-06     1.9538E-06     5.0660E+02     5.0660E+02
    5.7000E+00     4.4067E-06     4.7871E-04     6.6783E-07     4.6371E-06     2.0019E-06     2.3185E-06     5.6783E+02     5.6783E+02
    5.8000E+00     3.7593E-06     4.2019E-04     1.4571E-06     4.6713E-06     2.0167E-06     2.3357E-06     5.7062E+02     5.7062E+02
    5.9000E+00     3.1931E-06     3.6654E-04     1.1953E-06     3.9584E-06     1.7089E-06     1.9792E-06     5.1098E+02     5.1098E+02
    6.0000E+00     2.6967E-06     3.1727E-04     2.5303E-07     3.5405E-06     1.5285E-06     1.7703E-06     4.7435E+02     4.7435E+02
    6.1000E+00     2.2606E-06     2.7207E-04     2.7182E-07     3.9844E-06     1.7202E-06     1.9922E-06     5.1321E+02     5.1321E+02
    6.2000E+00     1.8779E-06     2.3072E-04     1.0945E-06     4.6869E-06     2.0234E-06     2.3434E-06     5.7189E+02     5.7189E+02
    6.3000E+00     1.5431E-06     1.9316E-04     1.4518E-06     4.6185E-06     1.9939E-06     2.3093E-06     5.6631E+02     5.6631E+02
    6.4000E+00     1.2522E-06     1.5938E-04     1.1435E-06     3.8831E-06     1.6764E-06     1.9416E-06     5.0448E+02     5.0448E+02
    6.5000E+00     1.0021E-06     1.2946E-04     2.4921E-07     3.5474E-06     1.5315E-06     1.7737E-06     4.7497E+02     4.7497E+02
    6.6000E+00     7.9004E-07     1.0343E-04     2.7728E-07     4.0645E-06     1.7547E-06     2.0322E-06     5.2006E+02     5.2006E+02
    6.7000E+00     6.1328E-07     8.1245E-05     1.2208E-06     4.7271E-06     2.0408E-06     2.3636E-06     5.7516E+02     5.7516E+02
    6.8000E+00     4.6864E-07     6.2745E-05     1.4412E-06     4.5575E-06     1.9676E-06     2.2788E-06     5.6132E+02     5.6132E+02
    6.9000E+00     3.5248E-07     4.7651E-05     1.0842E-06     3.8128E-06     1.6461E-06     1.9064E-06     4.9837E+02     4.9837E+02
    7.0000E+00     2.6091E-07     3.5586E-05     2.4705E-07     3.5646E-06     1.5389E-06     1.7823E-06     4.7650E+02     4.7650E+02
    7.1000E+00     1.8997E-07     2.6123E-05     2.8287E-07     4.1465E-06     1.7902E-06     2.0733E-06     5.2704E+02     5.2704E+02
    7.2000E+00     1.3593E-07     1.8835E-05     1.2921E-06     4.7570E-06     2.0537E-06     2.3785E-06     5.7758E+02     5.7758E+02
    7.3000E+00     9.5467E-08     1.3322E-05     1.4251E-06     4.4895E-06     1.9382E-06     2.2447E-06     5.5572E+02     5.5572E+02
    7.4000E+00     6.5729E-08     9.2326E-06     1.0124E-06     3.7487E-06     1.6184E-06     1.8744E-06     4.9277E+02     4.9277E+02
    7.5000E+00     4.4312E-08     6.2622E-06     2.4662E-07     3.5919E-06     1.5507E-06     1.7959E-06     4.7892E+02     4.7892E+02
    7.6000E+00     2.9229E-08     4.1541E-06     2.8851E-07     4.2291E-06     1.8258E-06     2.1146E-06     5.3402E+02     5.3402E+02
    7.7000E+00     1.8856E-08     2.6944E-06     1.3444E-06     4.7760E-06     2.0619E-06     2.3880E-06     5.7911E+02     5.7911E+02
    7.8000E+00     1.1896E-08     1.7090E-06     1.4037E-06     4.4157E-06     1.9064E-06     2.2079E-06     5.4961E+02     5.4961E+02
    7.9000E+00     7.3401E-09     1.0603E-06     9.0277E-07     3.6919E-06     1.5939E-06     1.8459E-06     4.8777E+02     4.8777E+02
    8.0000E+00     4.4297E-09     6.4384E-07     2.4792E-07     3.6287E-06     1.5666E-06     1.8144E-06     4.8219E+02     4.8219E+02
    8.1000E+00     2.6149E-09     3.8284E-07     2.9408E-07     4.3108E-06     1.8611E-06     2.1554E-06     5.4087E+02     5.4087E+02
    8.2000E+00     1.5104E-09     2.2320E-07     1.3846E-06     4.7837E-06     2.0652E-06     2.3918E-06     5.7973E+02     5.7973E+02
    8.3000E+00     8.5452E-10     1.2790E-07     1.3773E-06     4.3376E-06     1.8726E-06     2.1688E-06     5.4311E+02     5.4311E+02
    8.4000E+00     4.7465E-10     7.2367E-08     5.0043E-07     3.6431E-06     1.5728E-06     1.8215E-06     4.8347E+02     4.8347E+02
    8.5000E+00     2.6001E-10     4.0739E-08     2.5080E-07     3.6746E-06     1.5864E-06     1.8373E-06     4.8625E+02     4.8625E+02
    8.6000E+00     1.4153E-10     2.3082E-08     2.9948E-07     4.3900E-06     1.8953E-06     2.1950E-06     5.4748E+02     5.4748E+02
    8.7000E+00     7.7408E-11     1.3357E-08     1.4151E-06     4.7798E-06     2.0636E-06     2.3899E-06     5.7942E+02     5.7942E+02
    8.8000E+00     4.3173E-11     8.0176E-09     1.3460E-06     4.2566E-06     1.8377E-06     2.1283E-06     5.3632E+02     5.3632E+02
    8.9000E+00     2.4947E-11     5.0471E-09     2.7051E-07     3.6031E-06     1.5556E-06     1.8016E-06     4.7993E+02     4.7993E+02
    9.0000E+00     1.5120E-11     3.3380E-09     2.5448E-07     3.7289E-06     1.6099E-06     1.8644E-06     4.9103E+02     4.9103E+02
    9.1000E+00     9.6449E-12     2.3010E-09     3.0463E-07     4.4654E-06     1.9278E-06     2.2327E-06     5.5373E+02     5.5373E+02
    9.2000E+00     6.4320E-12     1.6308E-09     1.4371E-06     4.7646E-06     2.0570E-06     2.3823E-06     5.7819E+02     5.7819E+02
    9.3000E+00     4.4249E-12     1.1717E-09     1.3102E-06     4.1741E-06     1.8021E-06     2.0871E-06     5.2937E+02     5.2937E+02
    9.4000E+00     3.0951E-12     8.4385E-10     2.6676E-07     3.5726E-06     1.5424E-06     1.7863E-06     4.7721E+02     4.7721E+02
    9.5000E+00     2.1742E-12     6.0427E-10     2.5867E-07     3.7907E-06     1.6365E-06     1.8953E-06     4.9644E+02     4.9644E+02
    9.6000E+00     1.5198E-12     4.2781E-10     3.0955E-07     4.5355E-06     1.9581E-06     2.2678E-06     5.5951E+02     5.5951E+02
    9.7000E+00     1.0499E-12     2.9816E-10     1.4512E-06     4.7383E-06     2.0456E-06     2.3692E-06     5.7606E+02     5.7606E+02
    9.8000E+00     7.1311E-13     2.0384E-10     1.2699E-06     4.0917E-06     1.7665E-06     2.0459E-06     5.2239E+02     5.2239E+02
    9.9000E+00     4.7436E-13     1.3627E-10     2.6250E-07     3.5521E-06     1.5335E-06     1.7760E-06     4.7538E+02     4.7538E+02
    1.0000E+01     3.0801E-13     8.8850E-11     2.6331E-07     3.8590E-06     1.6660E-06     1.9295E-06     5.0239E+02     5.0239E+02
    1.0100E+01     1.9477E-13     5.6378E-11     3.3054E-07     4.5990E-06     1.9855E-06     2.2995E-06     5.6472E+02     5.6472E+02
    1.0200E+01     1.1976E-13     3.4768E-11     1.4572E-06     4.7014E-06     2.0297E-06     2.3507E-06     5.7307E+02     5.7307E+02
    1.0300E+01     7.1562E-14     2.0830E-11     1.2266E-06     4.0108E-06     1.7316E-06     2.0054E-06     5.1548E+02     5.1548E+02
    1.0400E+01     4.1560E-14     1.2125E-11     2.5649E-07     3.5417E-06     1.5290E-06     1.7708E-06     4.7445E+02     4.7445E+02
    1.0500E+01     2.3457E-14     6.8584E-12     2.6832E-07     3.9328E-06     1.6979E-06     1.9664E-06     5.0877E+02     5.0877E+02
    1.0600E+01     1.2859E-14     3.7676E-12     9.6671E-07     4.6547E-06     2.0095E-06     2.3273E-06     5.6926E+02     5.6926E+02
    1.0700E+01     6.8374E-15     2.0071E-12     1.4560E-06     4.6547E-06     2.0095E-06     2.3274E-06     5.6927E+02     5.6927E+02
    1.0800E+01     3.5183E-15     1.0347E-12     1.1787E-06     3.9328E-06     1.6979E-06     1.9664E-06     5.0877E+02     5.0877E+02
    1.0900E+01     1.7478E-15     5.1488E-13     2.5158E-07     3.5417E-06     1.5290E-06     1.7708E-06     4.7445E+02     4.7445E+02
    1.1000E+01     8.3622E-16     2.4673E-13     2.7362E-07     4.0108E-06     1.7315E-06     2.0054E-06     5.1547E+02     5.1547E+02
    1.1100E+01     3.8472E-16     1.1367E-13     1.1490E-06     4.7014E-06     2.0297E-06     2.3507E-06     5.7307E+02     5.7307E+02
    1.1200E+01     1.7009E-16     5.0320E-14     1.4489E-06     4.5991E-06     1.9855E-06     2.2995E-06     5.6472E+02     5.6472E+02
    1.1300E+01     7.2246E-17     2.1400E-14     1.1247E-06     3.8591E-06     1.6661E-06     1.9295E-06     5.0239E+02     5.0239E+02
    1.1400E+01     2.9467E-17     8.7381E-15     2.4830E-07     3.5520E-06     1.5335E-06     1.7760E-06     4.7538E+02     4.7538E+02
    1.1500E+01     1.1520E-17     3.4199E-15     2.7913E-07     4.0917E-06     1.7665E-06     2.0458E-06     5.2238E+02     5.2238E+02
    1.1600E+01     4.3033E-18     1.2788E-15     1.2477E-06     4.7383E-06     2.0456E-06     2.3691E-06     5.7606E+02     5.7606E+02
    1.1700E+01     1.5306E-18     4.5528E-16     1.4364E-06     4.5356E-06     1.9581E-06     2.2678E-06     5.5951E+02     5.5951E+02
    1.1800E+01     5.1691E-19     1.5388E-16     1.0621E-06     3.7907E-06     1.6366E-06     1.8954E-06     4.9644E+02     4.9644E+02
    1.1900E+01     1.6556E-19     4.9324E-17     2.4672E-07     3.5726E-06     1.5424E-06     1.7863E-06     4.7721E+02     4.7721E+02
    1.2000E+01     5.0308E-20     1.4998E-17     2.8475E-07     4.1741E-06     1.8020E-06     2.0870E-06     5.2937E+02     5.2937E+02
    1.2100E+01     1.4511E-20     4.3288E-18     1.3112E-06     4.7646E-06     2.0570E-06     2.3823E-06     5.7819E+02     5.7819E+02
    1.2200E+01     3.9702E-21     1.1851E-18     1.4185E-06     4.4655E-06     1.9279E-06     2.2327E-06     5.5373E+02     5.5373E+02
    1.2300E+01     1.0276E-21     3.0678E-19     9.8318E-07     3.7289E-06     1.6099E-06     1.8645E-06     4.9103E+02     4.9103E+02
    1.2400E+01     2.5080E-22     7.4781E-20     2.4686E-07     3.6031E-06     1.5555E-06     1.8015E-06     4.7992E+02     4.7992E+02
    1.2500E+01     5.7414E-23     1.7121E-20     2.9037E-07     4.2565E-06     1.8376E-06     2.1283E-06     5.3632E+02     5.3632E+02
    1.2600E+01     1.2385E-23     3.6886E-21     1.3590E-06     4.7798E-06     2.0636E-06     2.3899E-06     5.7942E+02     5.7942E+02
    1.2700E+01     2.6251E-24     7.5278E-22     1.3954E-06     4.3901E-06     1.8953E-06     2.1950E-06     5.4748E+02     5.4748E+02
    1.2800E+01     9.5892E-25     1.4658E-22     8.4030E-07     3.6747E-06     1.5864E-06     1.8373E-06     4.8626E+02     4.8626E+02
    1.2900E+01     5.9264E-25     2.7288E-23     2.4874E-07     3.6430E-06     1.5728E-06     1.8215E-06     4.8346E+02     4.8346E+02
    1.3000E+01     1.3658E-25     4.8185E-24     2.9590E-07     4.3375E-06     1.8726E-06     2.1688E-06     5.4310E+02     5.4310E+02
    1.3100E+01     5.2970E-26     8.0117E-25     1.3958E-06     4.7837E-06     2.0652E-06     2.3918E-06     5.7973E+02     5.7973E+02
    1.3200E+01     1.2752E-25     1.3188E-25     1.3674E-06     4.3108E-06     1.8611E-06     2.1554E-06     5.4087E+02     5.4087E+02
    1.3300E+01     5.1707E-25     4.9561E-26     3.1048E-07     3.6287E-06     1.5666E-06     1.8144E-06     4.8220E+02     4.8220E+02
    1.3400E+01     4.5244E-25     2.9926E-26     2.5196E-07     3.6918E-06     1.5938E-06     1.8459E-06     4.8777E+02     4.8777E+02
    1.3500E+01     1.0319E-25     6.5981E-27     3.0123E-07     4.4157E-06     1.9063E-06     2.2078E-06     5.4961E+02     5.4961E+02
    1.3600E+01     5.1050E-26     3.1289E-27     1.4234E-06     4.7760E-06     2.0619E-06     2.3880E-06     5.7912E+02     5.7912E+02
    1.3700E+01     1.4970E-25     9.0289E-27     1.3346E-06     4.2292E-06     1.8258E-06     2.1146E-06     5.3402E+02     5.3402E+02
    1.3800E+01     5.5913E-25     3.3699E-26     2.6902E-07     3.5919E-06     1.5507E-06     1.7959E-06     4.7893E+02     4.7893E+02
    1.3900E+01     4.0142E-25     2.4193E-26     2.5582E-07     3.7487E-06     1.6184E-06     1.8743E-06     4.9277E+02     4.9277E+02
    1.4000E+01     8.9199E-26     5.3759E-27     3.0627E-07     4.4894E-06     1.9382E-06     2.2447E-06     5.5571E+02     5.5571E+02
    1.4100E+01     5.2950E-26     3.1912E-27     1.4426E-06     4.7571E-06     2.0537E-06     2.3785E-06     5.7758E+02     5.7758E+02
    1.4200E+01     1.7685E-25     1.0658E-26     1.2972E-06     4.1466E-06     1.7902E-06     2.0733E-06     5.2704E+02     5.2704E+02
    1.4300E+01     5.9256E-25     3.5712E-26     2.6547E-07     3.5647E-06     1.5389E-06     1.7823E-06     4.7650E+02     4.7650E+02
    1.4400E+01     3.5107E-25     2.1158E-26     2.6017E-07     3.8128E-06     1.6461E-06     1.9064E-06     4.9837E+02     4.9837E+02
    1.4500E+01     7.8043E-26     4.7035E-27     3.1157E-07     4.5575E-06     1.9676E-06     2.2787E-06     5.6131E+02     5.6131E+02
    1.4600E+01     5.6098E-26     3.3809E-27     1.4542E-06     4.7272E-06     2.0408E-06     2.3636E-06     5.7516E+02     5.7516E+02
    1.4700E+01     2.0892E-25     1.2591E-26     1.2557E-06     4.0645E-06     1.7548E-06     2.0323E-06     5.2007E+02     5.2007E+02
    1.4800E+01     6.1475E-25     3.7050E-26     2.6066E-07     3.5475E-06     1.5315E-06     1.7737E-06     4.7497E+02     4.7497E+02
    1.4900E+01     3.0336E-25     1.8283E-26     2.6494E-07     3.8831E-06     1.6764E-06     1.9415E-06     5.0447E+02     5.0447E+02
    1.5000E+01     6.9274E-26     4.1750E-27     4.0041E-07     4.6185E-06     1.9939E-06     2.3092E-06     5.6631E+02     5.6631E+02
    1.5100E+01     6.0645E-26     3.6550E-27     1.4575E-06     4.6869E-06     2.0235E-06     2.3435E-06     5.7189E+02     5.7189E+02
    1.5200E+01     2.4611E-25     1.4833E-26     1.2113E-06     3.9845E-06     1.7202E-06     1.9922E-06     5.1322E+02     5.1322E+02
    1.5300E+01     6.2392E-25     3.7603E-26     2.5467E-07     3.5405E-06     1.5285E-06     1.7703E-06     4.7435E+02     4.7435E+02
    1.5400E+01     2.5967E-25     1.5650E-26     2.7005E-07     3.9584E-06     1.7089E-06     1.9792E-06     5.1097E+02     5.1097E+02
    1.5500E+01     6.2513E-26     3.7675E-27     1.0242E-06     4.6713E-06     2.0167E-06     2.3356E-06     5.7062E+02     5.7062E+02
    1.5600E+01     6.6807E-26     4.0263E-27     1.4542E-06     4.6371E-06     2.0020E-06     2.3186E-06     5.6783E+02     5.6783E+02
    1.5700E+01     2.8826E-25     1.7373E-26     1.1615E-06     3.9077E-06     1.6871E-06     1.9539E-06     5.0661E+02     5.0661E+02
    1.5800E+01     6.1932E-25     3.7325E-26     2.5030E-07     3.5440E-06     1.5300E-06     1.7720E-06     4.7466E+02     4.7466E+02
    1.5900E+01     2.2079E-25     1.3306E-26     2.7544E-07     4.0375E-06     1.7431E-06     2.0187E-06     5.1776E+02     5.1776E+02
    1.6000E+01     5.7453E-26     3.4626E-27     1.1890E-06     4.7148E-06     2.0355E-06     2.3574E-06     5.7416E+02     5.7416E+02
    1.6100E+01     7.4866E-26     4.5120E-27     1.4453E-06     4.5787E-06     1.9767E-06     2.2894E-06     5.6305E+02     5.6305E+02
    1.6200E+01     3.3474E-25     2.0174E-26     1.1050E-06     3.8356E-06     1.6559E-06     1.9178E-06     5.0036E+02     5.0036E+02
    1.6300E+01     6.0133E-25     3.6241E-26     2.4758E-07     3.5578E-06     1.5360E-06     1.7789E-06     4.7589E+02     4.7589E+02
    1.6400E+01     1.8701E-25     1.1271E-26     2.8100E-07     4.1190E-06     1.7783E-06     2.0595E-06     5.2471E+02     5.2471E+02
    1.6500E+01     5.3858E-26     3.2459E-27     1.2711E-06     4.7483E-06     2.0499E-06     2.3741E-06     5.7687E+02     5.7687E+02
    1.6600E+01     8.5178E-26     5.1335E-27     1.4310E-06     4.5129E-06     1.9483E-06     2.2564E-06     5.5764E+02     5.5764E+02
    1.6700E+01     3.8440E-25     2.3167E-26     1.0384E-06     3.7694E-06     1.6273E-06     1.8847E-06     4.9458E+02     4.9458E+02
    1.6800E+01     5.7141E-25     3.4438E-26     2.4657E-07     3.5817E-06     1.5463E-06     1.7908E-06     4.7802E+02     4.7802E+02
    1.6900E+01     1.5825E-25     9.5374E-27     2.8663E-07     4.2016E-06     1.8139E-06     2.1008E-06     5.3170E+02     5.3170E+02
    1.7000E+01     5.1553E-26     3.1070E-27     1.3285E-06     4.7709E-06     2.0597E-06     2.3855E-06     5.7870E+02     5.7870E+02
    1.7100E+01     9.8166E-26     5.9163E-27     1.4114E-06     4.4409E-06     1.9172E-06     2.2204E-06     5.5170E+02     5.5170E+02
    1.7200E+01     4.3545E-25     2.6244E-26     9.4834E-07     3.7100E-06     1.6017E-06     1.8550E-06     4.8937E+02     4.8937E+02
    1.7300E+01     5.3188E-25     3.2055E-26     2.4729E-07     3.6154E-06     1.5608E-06     1.8077E-06     4.8101E+02     4.8101E+02
    1.7400E+01     1.3418E-25     8.0870E-27     2.9223E-07     4.2837E-06     1.8494E-06     2.1419E-06     5.3860E+02     5.3860E+02
    1.7500E+01     5.0429E-26     3.0392E-27     1.3724E-06     4.7824E-06     2.0647E-06     2.3912E-06     5.7963E+02     5.7963E+02
    1.7600E+01     1.1432E-25     6.8897E-27     1.3866E-06     4.3640E-06     1.8841E-06     2.1820E-06     5.4531E+02     5.4531E+02
    1.7700E+01     4.8553E-25     2.9262E-26     7.8423E-07     3.6584E-06     1.5794E-06     1.8292E-06     4.8482E+02     4.8482E+02
    1.7800E+01     4.8558E-25     2.9265E-26     2.4970E-07     3.6583E-06     1.5794E-06     1.8292E-06     4.8482E+02     4.8482E+02
    1.7900E+01     1.1434E-25     6.8909E-27     2.9770E-07     4.3640E-06     1.8840E-06     2.1820E-06     5.4531E+02     5.4531E+02
    1.8000E+01     5.0428E-26     3.0392E-27     1.4060E-06     4.7824E-06     2.0647E-06     2.3912E-06     5.7963E+02     5.7963E+02
    1.8100E+01     1.3416E-25     8.0855E-27     1.3570E-06     4.2838E-06     1.8494E-06     2.1419E-06     5.3861E+02     5.3861E+02
    1.8200E+01     5.3183E-25     3.2052E-26     2.7606E-07     3.6154E-06     1.5609E-06     1.8077E-06     4.8102E+02     4.8102E+02
    1.8300E+01     4.3551E-25     2.6247E-26     2.5319E-07     3.7099E-06     1.6017E-06     1.8550E-06     4.8936E+02     4.8936E+02
    1.8400E+01     9.8183E-26     5.9173E-27     3.0295E-07     4.4408E-06     1.9172E-06     2.2204E-06     5.5169E+02     5.5169E+02
    1.8500E+01     5.1552E-26     3.1069E-27     1.4307E-06     4.7710E-06     2.0597E-06     2.3855E-06     5.7871E+02     5.7871E+02
    1.8600E+01     1.5822E-25     9.5356E-27     1.3227E-06     4.2017E-06     1.8140E-06     2.1008E-06     5.3170E+02     5.3170E+02
    1.8700E+01     4.4467E-22     1.4515E-22     2.6793E-07     3.5817E-06     1.5463E-06     1.7909E-06     4.7802E+02     4.7802E+02
    1.8800E+01     4.6290E-21     1.7447E-21     2.5722E-07     3.7693E-06     1.6273E-06     1.8846E-06     4.9457E+02     4.9457E+02
    1.8900E+01     2.0339E-20     9.3194E-21     3.0789E-07     4.5128E-06     1.9483E-06     2.2564E-06     5.5764E+02     5.5764E+02
    1.9000E+01     5.6513E-20     3.2533E-20     1.4474E-06     4.7483E-06     2.0500E-06     2.3741E-06     5.7687E+02     5.7687E+02
    1.9100E+01     1.1863E-19     8.5782E-20     1.2838E-06     4.1191E-06     1.7783E-06     2.0596E-06     5.2471E+02     5.2471E+02
    1.9200E+01     2.0432E-19     1.8425E-19     2.6406E-07     3.5578E-06     1.5360E-06     1.7789E-06     4.7589E+02     4.7589E+02
    1.9300E+01     3.0096E-19     3.3719E-19     2.6172E-07     3.8356E-06     1.6559E-06     1.9178E-06     5.0035E+02     5.0035E+02
    1.9400E+01     3.9485E-19     5.4287E-19     3.1564E-07     4.5787E-06     1.9767E-06     2.2893E-06     5.6305E+02     5.6305E+02
    1.9500E+01     4.8307E-19     7.9400E-19     1.4561E-06     4.7149E-06     2.0355E-06     2.3574E-06     5.7416E+02     5.7416E+02
    1.9600E+01     5.6576E-19     1.0754E-18     1.2414E-06     4.0376E-06     1.7431E-06     2.0188E-06     5.1777E+02     5.1777E+02
    1.9700E+01     6.3747E-19     1.3646E-18     2.5849E-07     3.5440E-06     1.5300E-06     1.7720E-06     4.7466E+02     4.7466E+02
    1.9800E+01     6.9532E-19     1.6575E-18     2.6661E-07     3.9077E-06     1.6870E-06     1.9538E-06     5.0660E+02     5.0660E+02
    1.9900E+01     7.4348E-19     1.9838E-18     6.6731E-07     4.6370E-06     2.0019E-06     2.3185E-06     5.6783E+02     5.6783E+02
    2.0000E+01     7.9263E-19     2.3829E-18     1.4571E-06     4.6713E-06     2.0167E-06     2.3357E-06     5.7062E+02     5.7062E+02
    2.0100E+01     8.4447E-19     2.8340E-18     1.1953E-06     3.9585E-06     1.7090E-06     1.9792E-06     5.1098E+02     5.1098E+02
    2.0200E+01     8.9754E-19     3.3538E-18     2.5303E-07     3.5405E-06     1.5285E-06     1.7703E-06     4.7435E+02     4.7435E+02
    2.0300E+01     9.5188E-19     3.9585E-18     2.7182E-07     3.9844E-06     1.7201E-06     1.9922E-06     5.1321E+02     5.1321E+02
    2.0400E+01     1.0031E-18     4.6366E-18     1.0946E-06     4.6869E-06     2.0234E-06     2.3434E-06     5.7189E+02     5.7189E+02
    2.0500E+01     1.0498E-18     5.3693E-18     1.4518E-06     4.6186E-06     1.9939E-06     2.3093E-06     5.6632E+02     5.6632E+02
    2.0600E+01     1.1039E-18     6.2312E-18     1.1435E-06     3.8831E-06     1.6764E-06     1.9416E-06     5.0448E+02     5.0448E+02
    2.0700E+01     1.1584E-18     7.1492E-18     2.4921E-07     3.5474E-06     1.5315E-06     1.7737E-06     4.7497E+02     4.7497E+02
    2.0800E+01     1.2102E-18     8.1728E-18     2.7728E-07     4.0644E-06     1.7547E-06     2.0322E-06     5.2006E+02     5.2006E+02
    2.0900E+01     1.2569E-18     9.3132E-18     1.2208E-06     4.7271E-06     2.0408E-06     2.3636E-06     5.7516E+02     5.7516E+02
    2.1000E+01     1.2877E-18     1.0520E-17     1.4412E-06     4.5576E-06     1.9676E-06     2.2788E-06     5.6132E+02     5.6132E+02
    2.1100E+01     1.3038E-18     1.1804E-17     1.0842E-06     3.8129E-06     1.6461E-06     1.9064E-06     4.9837E+02     4.9837E+02
    2.1200E+01     1.3216E-18     1.3195E-17     2.4705E-07     3.5646E-06     1.5389E-06     1.7823E-06     4.7650E+02     4.7650E+02
    2.1300E+01     1.3474E-18     1.4654E-17     2.8287E-07     4.1465E-06     1.7901E-06     2.0732E-06     5.2704E+02     5.2704E+02
    2.1400E+01     1.3760E-18     1.6175E-17     1.2921E-06     4.7570E-06     2.0537E-06     2.3785E-06     5.7758E+02     5.7758E+02
    2.1500E+01     1.4156E-18     1.7853E-17     1.4251E-06     4.4895E-06     1.9382E-06     2.2448E-06     5.5572E+02     5.5572E+02
    2.1600E+01     1.4628E-18     1.9570E-17     1.0125E-06     3.7488E-06     1.6184E-06     1.8744E-06     4.9277E+02     4.9277E+02
    2.1700E+01     1.5159E-18     2.1423E-17     2.4662E-07     3.5919E-06     1.5507E-06     1.7959E-06     4.7892E+02     4.7892E+02
    2.1800E+01     1.5698E-18     2.3424E-17     2.8850E-07     4.2291E-06     1.8258E-06     2.1145E-06     5.3401E+02     5.3401E+02
    2.1900E+01     1.6216E-18     2.5478E-17     1.3444E-06     4.7760E-06     2.0619E-06     2.3880E-06     5.7911E+02     5.7911E+02
    2.2000E+01     1.6706E-18     2.7664E-17     1.4037E-06     4.4158E-06     1.9064E-06     2.2079E-06     5.4961E+02     5.4961E+02
    2.2100E+01     1.7249E-18     3.0017E-17     9.0284E-07     3.6919E-06     1.5939E-06     1.8459E-06     4.8777E+02     4.8777E+02
    2.2200E+01     1.7785E-18     3.2407E-17     2.4792E-07     3.6287E-06     1.5666E-06     1.8143E-06     4.8219E+02     4.8219E+02
    2.2300E+01     1.8318E-18     3.5024E-17     2.9407E-07     4.3108E-06     1.8611E-06     2.1554E-06     5.4087E+02     5.4087E+02
    2.2400E+01     1.8772E-18     3.7747E-17     1.3846E-06     4.7837E-06     2.0652E-06     2.3918E-06     5.7973E+02     5.7973E+02
    2.2500E+01     1.9076E-18     4.0523E-17     1.3773E-06     4.3376E-06     1.8727E-06     2.1688E-06     5.4311E+02     5.4311E+02
    2.2600E+01     1.9315E-18     4.3558E-17     5.0087E-07     3.6431E-06     1.5728E-06     1.8215E-06     4.8347E+02     4.8347E+02
    2.2700E+01     1.9473E-18     4.6597E-17     2.5080E-07     3.6746E-06     1.5864E-06     1.8373E-06     4.8625E+02     4.8625E+02
    2.2800E+01     1.9497E-18     4.9786E-17     2.9948E-07     4.3900E-06     1.8953E-06     2.1950E-06     5.4748E+02     5.4748E+02
    2.2900E+01     1.9440E-18     5.3142E-17     1.4151E-06     4.7799E-06     2.0636E-06     2.3899E-06     5.7942E+02     5.7942E+02
    2.3000E+01     1.9421E-18     5.6440E-17     1.3461E-06     4.2566E-06     1.8377E-06     2.1283E-06     5.3633E+02     5.3633E+02
    2.3100E+01     1.9692E-18     6.0024E-17     2.7052E-07     3.6031E-06     1.5556E-06     1.8016E-06     4.7993E+02     4.7993E+02
    2.3200E+01     2.0168E-18     6.3609E-17     2.5447E-07     3.7289E-06     1.6098E-06     1.8644E-06     4.9103E+02     4.9103E+02
    2.3300E+01     2.0704E-18     6.7330E-17     3.0463E-07     4.4654E-06     1.9278E-06     2.2327E-06     5.5373E+02     5.5373E+02
    2.3400E+01     2.1400E-18     7.1313E-17     1.4371E-06     4.7647E-06     2.0570E-06     2.3823E-06     5.7820E+02     5.7820E+02
    2.3500E+01     2.2210E-18     7.5192E-17     1.3102E-06     4.1742E-06     1.8021E-06     2.0871E-06     5.2938E+02     5.2938E+02
    2.3600E+01     2.3076E-18     7.9324E-17     2.6676E-07     3.5727E-06     1.5424E-06     1.7863E-06     4.7722E+02     4.7722E+02
    2.3700E+01     2.3782E-18     8.3103E-17     2.5867E-07     3.7907E-06     1.6365E-06     1.8953E-06     4.9644E+02     4.9644E+02
    2.3800E+01     2.4323E-18     8.7147E-17     3.0955E-07     4.5355E-06     1.9581E-06     2.2678E-06     5.5951E+02     5.5951E+02
    2.3900E+01     2.4696E-18     9.0848E-17     1.4512E-06     4.7384E-06     2.0457E-06     2.3692E-06     5.7607E+02     5.7607E+02
    2.4000E+01     2.5054E-18     9.4968E-17     1.2699E-06     4.0918E-06     1.7665E-06     2.0459E-06     5.2239E+02     5.2239E+02
    2.4100E+01     2.5473E-18     1.0020E-16     2.6251E-07     3.5521E-06     1.5335E-06     1.7761E-06     4.7539E+02     4.7539E+02
    2.4200E+01     2.6028E-18     1.0634E-16     2.6331E-07     3.8591E-06     1.6661E-06     1.9295E-06     5.0239E+02     5.0239E+02
    2.4300E+01     2.6694E-18     1.1355E-16     3.3049E-07     4.5991E-06     1.9855E-06     2.2996E-06     5.6472E+02     5.6472E+02
    2.4400E+01     2.7444E-18     1.2192E-16     1.4572E-06     4.7016E-06     2.0298E-06     2.3508E-06     5.7308E+02     5.7308E+02
    2.4500E+01     2.8261E-18     1.3172E-16     1.2267E-06     4.0110E-06     1.7317E-06     2.0055E-06     5.1549E+02     5.1549E+02
    2.4600E+01     2.9016E-18     1.4180E-16     2.5650E-07     3.5419E-06     1.5291E-06     1.7709E-06     4.7447E+02     4.7447E+02
    2.4700E+01     2.9546E-18     1.5122E-16     2.6833E-07     3.9330E-06     1.6980E-06     1.9665E-06     5.0879E+02     5.0879E+02
    2.4800E+01     2.9828E-18     1.6026E-16     9.6612E-07     4.6549E-06     2.0096E-06     2.3275E-06     5.6928E+02     5.6928E+02
    2.4900E+01     2.9812E-18     1.6796E-16     1.4560E-06     4.6550E-06     2.0097E-06     2.3275E-06     5.6929E+02     5.6929E+02
    2.5000E+01     2.9577E-18     1.7370E-16     1.1788E-06     3.9332E-06     1.6981E-06     1.9666E-06     5.0881E+02     5.0881E+02
    2.5100E+01     2.9244E-18     1.7767E-16     2.5160E-07     3.5421E-06     1.5292E-06     1.7710E-06     4.7449E+02     4.7449E+02
    2.5200E+01     2.8895E-18     1.8022E-16     2.7365E-07     4.0113E-06     1.7318E-06     2.0056E-06     5.1552E+02     5.1552E+02
    2.5300E+01     2.8473E-18     1.8132E-16     1.1489E-06     4.7020E-06     2.0300E-06     2.3510E-06     5.7312E+02     5.7312E+02
    2.5400E+01     2.8107E-18     1.8109E-16     1.4490E-06     4.5999E-06     1.9859E-06     2.2999E-06     5.6479E+02     5.6479E+02
    2.5500E+01     2.7810E-18     1.7974E-16     1.1248E-06     3.8600E-06     1.6665E-06     1.9300E-06     5.0247E+02     5.0247E+02
    2.5600E+01     2.7504E-18     1.7739E-16     2.4837E-07     3.5531E-06     1.5339E-06     1.7765E-06     4.7547E+02     4.7547E+02
    2.5700E+01     2.7286E-18     1.7498E-16     2.7922E-07     4.0929E-06     1.7670E-06     2.0465E-06     5.2249E+02     5.2249E+02
    2.5800E+01     2.7159E-18     1.7262E-16     1.2478E-06     4.7399E-06     2.0463E-06     2.3700E-06     5.7619E+02     5.7619E+02
    2.5900E+01     2.7091E-18     1.7036E-16     1.4368E-06     4.5376E-06     1.9590E-06     2.2688E-06     5.5968E+02     5.5968E+02
    2.6000E+01     2.7187E-18     1.6891E-16     1.0624E-06     3.7930E-06     1.6375E-06     1.8965E-06     4.9664E+02     4.9664E+02
    2.6100E+01     2.7385E-18     1.6781E-16     2.4688E-07     3.5752E-06     1.5435E-06     1.7876E-06     4.7744E+02     4.7744E+02
    2.6200E+01     2.7607E-18     1.6747E-16     2.8497E-07     4.1773E-06     1.8035E-06     2.0887E-06     5.2965E+02     5.2965E+02
    2.6300E+01     2.7745E-18     1.6779E-16     1.3117E-06     4.7688E-06     2.0588E-06     2.3844E-06     5.7853E+02     5.7853E+02
    2.6400E+01     2.7857E-18     1.6842E-16     1.4195E-06     4.4704E-06     1.9300E-06     2.2352E-06     5.5414E+02     5.5414E+02
    2.6500E+01     2.8027E-18     1.6973E-16     9.8347E-07     3.7345E-06     1.6123E-06     1.8673E-06     4.9152E+02     4.9152E+02
    2.6600E+01     2.8192E-18     1.7114E-16     2.4729E-07     3.6097E-06     1.5584E-06     1.8048E-06     4.8051E+02     4.8051E+02
    2.6700E+01     2.8194E-18     1.7154E-16     2.9094E-07     4.2649E-06     1.8412E-06     2.1324E-06     5.3702E+02     5.3702E+02
    2.6800E+01     2.7941E-18     1.7049E-16     1.3606E-06     4.7903E-06     2.0681E-06     2.3952E-06     5.8027E+02     5.8027E+02
    2.6900E+01     2.7632E-18     1.6793E-16     1.3979E-06     4.4024E-06     1.9006E-06     2.2012E-06     5.4850E+02     5.4850E+02
    2.7000E+01     2.7582E-18     1.6535E-16     8.3758E-07     3.6886E-06     1.5924E-06     1.8443E-06     4.8748E+02     4.8748E+02
    2.7100E+01     2.7667E-18     1.6180E-16     2.4986E-07     3.6597E-06     1.5800E-06     1.8298E-06     4.8493E+02     4.8493E+02
    2.7200E+01     2.7649E-18     1.5689E-16     2.9735E-07     4.3587E-06     1.8818E-06     2.1794E-06     5.4487E+02     5.4487E+02
    2.7300E+01     2.7537E-18     1.5170E-16     1.4001E-06     4.8100E-06     2.0766E-06     2.4050E-06     5.8186E+02     5.8186E+02
    2.7400E+01     2.7252E-18     1.4578E-16     1.3734E-06     4.3415E-06     1.8743E-06     2.1707E-06     5.4343E+02     5.4343E+02
    2.7500E+01     2.7066E-18     1.4041E-16     2.9991E-07     3.6635E-06     1.5816E-06     1.8318E-06     4.8527E+02     4.8527E+02
    2.7600E+01     2.7059E-18     1.3664E-16     2.5482E-07     3.7338E-06     1.6120E-06     1.8669E-06     4.9146E+02     4.9146E+02
    2.7700E+01     2.6982E-18     1.3369E-16     3.0489E-07     4.4693E-06     1.9295E-06     2.2346E-06     5.5405E+02     5.5405E+02
    2.7800E+01     2.6979E-18     1.3239E-16     1.4348E-06     4.8423E-06     2.0905E-06     2.4211E-06     5.8446E+02     5.8446E+02
    2.7900E+01     2.6960E-18     1.3150E-16     1.3492E-06     4.3057E-06     1.8589E-06     2.1529E-06     5.4044E+02     5.4044E+02
    2.8000E+01     2.6886E-18     1.3114E-16     2.7417E-07     3.6791E-06     1.5884E-06     1.8395E-06     4.8665E+02     4.8665E+02
    2.8100E+01     2.6809E-18     1.3153E-16     2.6306E-07     3.8551E-06     1.6643E-06     1.9275E-06     5.0204E+02     5.0204E+02
    2.8200E+01     2.6670E-18     1.3158E-16     3.1553E-07     4.6253E-06     1.9968E-06     2.3126E-06     5.6687E+02     5.6687E+02
    2.8300E+01     2.6555E-18     1.3198E-16     1.4725E-06     4.9238E-06     2.1257E-06     2.4619E-06     5.9100E+02     5.9100E+02
    2.8400E+01     2.6523E-18     1.3249E-16     1.3323E-06     4.3384E-06     1.8730E-06     2.1692E-06     5.4317E+02     5.4317E+02
    2.8500E+01     2.6557E-18     1.3313E-16     2.7811E-07     3.7844E-06     1.6338E-06     1.8922E-06     4.9589E+02     4.9589E+02
    2.8600E+01     2.6569E-18     1.3382E-16     2.7861E-07     4.0833E-06     1.7629E-06     2.0417E-06     5.2167E+02     5.2167E+02
    2.8700E+01     2.6523E-18     1.3448E-16     3.3452E-07     4.9029E-06     2.1167E-06     2.4515E-06     5.8933E+02     5.8933E+02
    2.8800E+01     2.6548E-18     1.3496E-16     1.5306E-06     5.1485E-06     2.2227E-06     2.5742E-06     6.0885E+02     6.0885E+02
    2.8900E+01     2.6679E-18     1.3532E-16     1.3379E-06     4.5485E-06     1.9637E-06     2.2742E-06     5.6057E+02     5.6057E+02
    2.9000E+01     2.6654E-18     1.3558E-16     2.9213E-07     4.1067E-06     1.7729E-06     2.0533E-06     5.2366E+02     5.2366E+02
    2.9100E+01     2.6462E-18     1.3550E-16     3.1232E-07     4.5781E-06     1.9765E-06     2.2890E-06     5.6300E+02     5.6300E+02
    2.9200E+01     2.6280E-18     1.3569E-16     3.7566E-07     5.5055E-06     2.3769E-06     2.7527E-06     6.3668E+02     6.3668E+02
    2.9300E+01     2.6198E-18     1.3615E-16     1.6481E-06     5.7645E-06     2.4887E-06     2.8822E-06     6.5649E+02     6.5649E+02
    2.9400E+01     2.6143E-18     1.3601E-16     1.3810E-06     5.2258E-06     2.2561E-06     2.6129E-06     6.1492E+02     6.1492E+02
    2.9500E+01     2.6235E-18     1.3554E-16     3.4277E-07     4.9942E-06     2.1561E-06     2.4971E-06     5.9662E+02     5.9662E+02
    2.9600E+01     2.6315E-18     1.3503E-16     3.9457E-07     5.7839E-06     2.4970E-06     2.8920E-06     6.5796E+02     6.5796E+02
    2.9700E+01     2.6326E-18     1.3423E-16     4.7763E-07     7.0015E-06     3.0227E-06     3.5007E-06     7.4733E+02     7.4733E+02
    2.9800E+01     2.6296E-18     1.3326E-16     1.8795E-06     7.4696E-06     3.2248E-06     3.7348E-06     7.8028E+02     7.8028E+02
    2.9900E+01     2.6261E-18     1.3230E-16     4.9674E-07     7.2089E-06     3.1122E-06     3.6044E-06     7.6202E+02     7.6202E+02
    3.0000E+01     2.6208E-18     1.3123E-16     5.1097E-07     7.4902E-06     3.2337E-06     3.7451E-06     7.8171E+02     7.8171E+02
    3.0100E+01     2.6142E-18     1.3050E-16     6.1750E-07     9.0517E-06     3.9078E-06     4.5259E-06     8.8690E+02     8.8690E+02
    3.0200E+01     2.6086E-18     1.3009E-16     7.5929E-07     1.1130E-05     4.8052E-06     5.5651E-06     1.0179E+03     1.0179E+03
    3.0300E+01     2.6127E-18     1.3098E-16     8.4896E-07     1.2445E-05     5.3727E-06     6.2223E-06     1.0966E+03     1.0966E+03
    3.0400E+01     2.6191E-18     1.3214E-16     9.0197E-07     1.3222E-05     5.7081E-06     6.6109E-06     1.1418E+03     1.1418E+03
    3.0500E+01     2.6261E-18     1.3357E-16     1.0295E-06     1.5091E-05     6.5152E-06     7.5455E-06     1.2470E+03     1.2470E+03
    3.0600E+01     2.6352E-18     1.3532E-16     1.2932E-06     1.8956E-05     8.1839E-06     9.4782E-06     1.4517E+03     1.4517E+03
    3.0700E+01     2.6397E-18     1.3667E-16     1.6262E-06     2.3838E-05     1.0292E-05     1.1919E-05     1.6914E+03     1.6914E+03
    3.0800E+01     2.6450E-18     1.3819E-16     1.9324E-06     2.8327E-05     1.2229E-05     1.4163E-05     1.8975E+03     1.8975E+03
    3.0900E+01     2.6502E-18     1.3954E-16     2.2585E-06     3.3107E-05     1.4293E-05     1.6553E-05     2.1054E+03     2.1054E+03
    3.1000E+01     2.6496E-18     1.4077E-16     2.7738E-06     4.0660E-05     1.7554E-05     2.0330E-05     2.4145E+03     2.4145E+03
    3.1100E+01     2.6353E-18     1.4173E-16     3.5754E-06     5.2411E-05     2.2627E-05     2.6205E-05     2.8598E+03     2.8598E+03
    3.1200E+01     2.6122E-18     1.4297E-16     4.5891E-06     6.7271E-05     2.9042E-05     3.3635E-05     3.3776E+03     3.3776E+03
    3.1300E+01     2.5784E-18     1.4392E-16     5.7303E-06     8.3999E-05     3.6264E-05     4.1999E-05     3.9165E+03     3.9165E+03
    3.1400E+01     2.5408E-18     1.4502E-16     7.1389E-06     1.0465E-04     4.5179E-05     5.2324E-05     4.5346E+03     4.5346E+03
    3.1500E+01     2.5085E-18     1.4650E-16     9.1338E-06     1.3389E-04     5.7803E-05     6.6945E-05     5.3442E+03     5.3442E+03
    3.1600E+01     2.4802E-18     1.4805E-16     1.1929E-05     1.7486E-04     7.5490E-05     8.7429E-05     6.3852E+03     6.3852E+03
    3.1700E+01     2.4533E-18     1.5023E-16     1.5516E-05     2.2744E-04     9.8191E-05     1.1372E-04     7.6085E+03     7.6085E+03
    3.1800E+01     2.4265E-18     1.5247E-16     1.9946E-05     2.9239E-04     1.2623E-04     1.4619E-04     8.9955E+03     8.9955E+03
    3.1900E+01     2.3980E-18     1.5446E-16     2.5672E-05     3.7632E-04     1.6247E-04     1.8816E-04     1.0644E+04     1.0644E+04
    3.2000E+01     2.3719E-18     1.5690E-16     3.3452E-05     4.9037E-04     2.1170E-04     2.4518E-04     1.2698E+04     1.2698E+04
    3.2100E+01     2.3492E-18     1.5952E-16     4.3933E-05     6.4400E-04     2.7803E-04     3.2200E-04     1.5228E+04     1.5228E+04
    3.2200E+01     2.3258E-18     1.6182E-16     5.7551E-05     8.4363E-04     3.6421E-04     4.2181E-04     1.8231E+04     1.8231E+04
    3.2300E+01     2.3082E-18     1.6422E-16     7.5042E-05     1.1000E-03     4.7490E-04     5.5001E-04     2.1760E+04     2.1760E+04
    3.2400E+01     2.2948E-18     1.6597E-16     9.7975E-05     1.4362E-03     6.2004E-04     7.1809E-04     2.5993E+04     2.5993E+04
    3.2500E+01     2.2833E-18     1.6801E-16     1.2860E-04     1.8851E-03     8.1383E-04     9.4253E-04     3.1161E+04     3.1161E+04
    3.2600E+01     2.2701E-18     1.6972E-16     1.6926E-04     2.4812E-03     1.0712E-03     1.2406E-03     3.7425E+04     3.7425E+04
    3.2700E+01     2.2570E-18     1.7128E-16     2.2249E-04     3.2614E-03     1.4080E-03     1.6307E-03     4.4908E+04     4.4908E+04
    3.2800E+01     2.2442E-18     1.7311E-16     2.9194E-04     4.2795E-03     1.8476E-03     2.1398E-03     5.3825E+04     5.3825E+04
    3.2900E+01     2.2320E-18     1.7463E-16     3.8339E-04     5.6201E-03     2.4263E-03     2.8100E-03     6.4548E+04     6.4548E+04
    3.3000E+01     2.2248E-18     1.7658E-16     5.0459E-04     7.3967E-03     3.1933E-03     3.6984E-03     7.7520E+04     7.7520E+04
    3.3100E+01     2.2176E-18     1.7837E-16     6.6474E-04     9.7443E-03     4.2068E-03     4.8722E-03     9.3158E+04     9.3158E+04
    3.3200E+01     2.2105E-18     1.8013E-16     8.7515E-04     1.2829E-02     5.5384E-03     6.4143E-03     1.1190E+05     1.1190E+05
    3.3300E+01     2.1994E-18     1.8153E-16     1.1514E-03     1.6878E-02     7.2868E-03     8.4392E-03     1.3436E+05     1.3436E+05
    3.3400E+01     2.1781E-18     1.8205E-16     1.5156E-03     2.2217E-02     9.5914E-03     1.1108E-02     1.6138E+05     1.6138E+05
    3.3500E+01     2.1498E-18     1.8168E-16     1.9967E-03     2.9269E-02     1.2636E-02     1.4634E-02     1.9394E+05     1.9394E+05
    3.3600E+01     2.1087E-18     1.7985E-16     2.6313E-03     3.8572E-02     1.6652E-02     1.9286E-02     2.3311E+05     2.3311E+05
    3.3700E+01     2.0621E-18     1.7739E-16     3.4666E-03     5.0816E-02     2.1939E-02     2.5408E-02     2.8015E+05     2.8015E+05
    3.3800E+01     2.0099E-18     1.7442E-16     4.5661E-03     6.6933E-02     2.8896E-02     3.3466E-02     3.3662E+05     3.3662E+05
    3.3900E+01     1.9505E-18     1.7039E-16     6.0155E-03     8.8180E-02     3.8069E-02     4.4090E-02     4.0455E+05     4.0455E+05
    3.4000E+01     1.8908E-18     1.6651E-16     7.9279E-03     1.1621E-01     5.0172E-02     5.8107E-02     4.8629E+05     4.8629E+05
    3.4100E+01     1.8303E-18     1.6254E-16     1.0449E-02     1.5317E-01     6.6128E-02     7.6586E-02     5.8458E+05     5.8458E+05
    3.4200E+01     1.7676E-18     1.5875E-16     1.3771E-02     2.0186E-01     8.7147E-02     1.0093E-01     7.0267E+05     7.0267E+05
    3.4300E+01     1.7059E-18     1.5573E-16     1.8146E-02     2.6600E-01     1.1484E-01     1.3300E-01     8.4459E+05     8.4459E+05
    3.4400E+01     1.6420E-18     1.5310E-16     2.3915E-02     3.5056E-01     1.5135E-01     1.7528E-01     1.0152E+06     1.0152E+06
    3.4500E+01     1.5780E-18     1.5104E-16     3.1522E-02     4.6207E-01     1.9949E-01     2.3103E-01     1.2205E+06     1.2205E+06
    3.4600E+01     1.5142E-18     1.4923E-16     4.1549E-02     6.0905E-01     2.6294E-01     3.0453E-01     1.4672E+06     1.4672E+06
    3.4700E+01     1.4503E-18     1.4741E-16     5.4763E-02     8.0275E-01     3.4657E-01     4.0138E-01     1.7638E+06     1.7638E+06
    3.4800E+01     1.3878E-18     1.4557E-16     7.2178E-02     1.0580E+00     4.5678E-01     5.2902E-01     2.1202E+06     2.1202E+06
    3.4900E+01     1.3256E-18     1.4324E-16     9.5135E-02     1.3946E+00     6.0206E-01     6.9728E-01     2.5489E+06     2.5489E+06
    3.5000E+01     1.2629E-18     1.4013E-16     1.2540E-01     1.8382E+00     7.9360E-01     9.1911E-01     3.0642E+06     3.0642E+06
    3.5100E+01     1.1965E-18     1.3553E-16     1.6530E-01     2.4230E+00     1.0461E+00     1.2115E+00     3.6838E+06     3.6838E+06
    3.5200E+01     1.1267E-18     1.2950E-16     2.1788E-01     3.1938E+00     1.3788E+00     1.5969E+00     4.4285E+06     4.4285E+06
    3.5300E+01     1.0536E-18     1.2222E-16     2.8719E-01     4.2098E+00     1.8175E+00     2.1049E+00     5.3239E+06     5.3239E+06
    3.5400E+01     9.7606E-19     1.1356E-16     3.7855E-01     5.5490E+00     2.3957E+00     2.7745E+00     6.4003E+06     6.4003E+06
    3.5500E+01     8.9235E-19     1.0347E-16     4.9899E-01     7.3145E+00     3.1578E+00     3.6572E+00     7.6944E+06     7.6944E+06
    3.5600E+01     7.9983E-19     9.1730E-17     6.5774E-01     9.6417E+00     4.1625E+00     4.8208E+00     9.2503E+06     9.2503E+06
    3.5700E+01     6.9851E-19     7.8750E-17     8.6700E-01     1.2709E+01     5.4868E+00     6.3545E+00     1.1121E+07     1.1121E+07
    3.5800E+01     5.8998E-19     6.5219E-17     1.1428E+00     1.6752E+01     7.2324E+00     8.3762E+00     1.3369E+07     1.3369E+07
    3.5900E+01     4.7716E-19     5.1791E-17     1.5064E+00     2.2082E+01     9.5334E+00     1.1041E+01     1.6072E+07     1.6072E+07
    3.6000E+01     4.3795E-19     3.9123E-17     1.9857E+00     2.9108E+01     1.2567E+01     1.4554E+01     1.9322E+07     1.9322E+07
    3.6100E+01     3.3224E-19     2.7709E-17     2.6175E+00     3.8369E+01     1.6565E+01     1.9185E+01     2.3230E+07     2.3230E+07
    3.6200E+01     2.4031E-19     1.8001E-17     3.4503E+00     5.0577E+01     2.1835E+01     2.5288E+01     2.7927E+07     2.7927E+07
    3.6300E+01     1.6842E-19     1.0382E-17     4.5480E+00     6.6668E+01     2.8782E+01     3.3334E+01     3.3574E+07     3.3574E+07
    3.6400E+01     1.1901E-19     5.0156E-18     5.9950E+00     8.7879E+01     3.7939E+01     4.3940E+01     4.0362E+07     4.0362E+07
    3.6500E+01     9.0205E-20     1.8131E-18     7.9024E+00     1.1584E+02     5.0011E+01     5.7920E+01     4.8524E+07     4.8524E+07
    3.6600E+01     7.7276E-20     4.0546E-19     1.0417E+01     1.5270E+02     6.5922E+01     7.6348E+01     5.8336E+07     5.8336E+07
    3.6700E+01     7.3634E-20     4.6096E-20     1.3731E+01     2.0128E+02     8.6896E+01     1.0064E+02     7.0132E+07     7.0132E+07
    3.6800E+01     7.3146E-20     5.9200E-21     1.8100E+01     2.6532E+02     1.1454E+02     1.3266E+02     8.4314E+07     8.4314E+07
    3.6900E+01     7.3122E-20     4.4212E-21     2.3858E+01     3.4973E+02     1.5099E+02     1.7487E+02     1.0136E+08     1.0136E+08
    3.7000E+01     2.1937E-19     4.7122E-20     3.1449E+01     4.6101E+02     1.9903E+02     2.3050E+02     1.2186E+08     1.2186E+08
    3.7100E+01     0.0000E+00     0.0000E+00     4.1455E+01     6.0768E+02     2.6235E+02     3.0384E+02     1.4650E+08     1.4650E+08
    3.7200E+01     0.0000E+00     0.0000E+00     5.4645E+01     8.0103E+02     3.4582E+02     4.0051E+02     1.7612E+08     1.7612E+08
    3.7300E+01     2.0493E-20     0.0000E+00     7.2031E+01     1.0559E+03     4.5585E+02     5.2794E+02     2.1174E+08     2.1174E+08
    3.7400E+01     3.6561E-19     1.4918E-19     9.4949E+01     1.3918E+03     6.0089E+02     6.9592E+02     2.5455E+08     2.5455E+08
    3.7500E+01     0.0000E+00     6.3276E-20     1.2516E+02     1.8347E+03     7.9207E+02     9.1734E+02     3.0603E+08     3.0603E+08
    3.7600E+01     0.0000E+00     0.0000E+00     1.6498E+02     2.4184E+03     1.0441E+03     1.2092E+03     3.6791E+08     3.6791E+08
    3.7700E+01     0.0000E+00     0.0000E+00     2.1747E+02     3.1879E+03     1.3763E+03     1.5939E+03     4.4230E+08     4.4230E+08
    3.7800E+01     1.0421E-19     5.1545E-20     2.8666E+02     4.2021E+03     1.8142E+03     2.1011E+03     5.3174E+08     5.3174E+08
    3.7900E+01     0.0000E+00     0.0000E+00     3.7787E+02     5.5391E+03     2.3914E+03     2.7696E+03     6.3927E+08     6.3927E+08
    3.8000E+01     0.0000E+00     0.0000E+00     4.9810E+02     7.3015E+03     3.1522E+03     3.6507E+03     7.6853E+08     7.6853E+08
    3.8100E+01     0.0000E+00     0.0000E+00     6.5658E+02     9.6246E+03     4.1552E+03     4.8123E+03     9.2394E+08     9.2394E+08
    3.8200E+01     0.0000E+00     0.0000E+00     8.6548E+02     1.2687E+04     5.4772E+03     6.3434E+03     1.1108E+09     1.1108E+09
    3.8300E+01     0.0000E+00     0.0000E+00     1.1408E+03     1.6723E+04     7.2199E+03     8.3617E+03     1.3354E+09     1.3354E+09
    3.8400E+01     0.0000E+00     0.0000E+00     1.5038E+03     2.2044E+04     9.5170E+03     1.1022E+04     1.6054E+09     1.6054E+09
    3.8500E+01     0.0000E+00     0.0000E+00     1.9823E+03     2.9058E+04     1.2545E+04     1.4529E+04     1.9300E+09     1.9300E+09
    3.8600E+01     0.0000E+00     0.0000E+00     2.6130E+03     3.8303E+04     1.6536E+04     1.9152E+04     2.3203E+09     2.3203E+09
    3.8700E+01     0.0000E+00     0.0000E+00     3.4444E+03     5.0490E+04     2.1798E+04     2.5245E+04     2.7895E+09     2.7895E+09
    3.8800E+01     0.0000E+00     0.0000E+00     4.5403E+03     6.6555E+04     2.8733E+04     3.3277E+04     3.3536E+09     3.3536E+09
    3.8900E+01     0.0000E+00     0.0000E+00     5.9848E+03     8.7730E+04     3.7875E+04     4.3865E+04     4.0317E+09     4.0317E+09
    3.9000E+01     0.0000E+00     0.0000E+00     7.8890E+03     1.1564E+05     4.9926E+04     5.7822E+04     4.8469E+09     4.8469E+09
    3.9100E+01     0.0000E+00     0.0000E+00     1.0399E+04     1.5244E+05     6.5811E+04     7.6219E+04     5.8270E+09     5.8270E+09
    3.9200E+01     0.0000E+00     0.0000E+00     1.3708E+04     2.0094E+05     8.6750E+04     1.0047E+05     7.0053E+09     7.0053E+09
    3.9300E+01     0.0000E+00     0.0000E+00     1.8069E+04     2.6487E+05     1.1435E+05     1.3243E+05     8.4219E+09     8.4219E+09
    3.9400E+01     0.0000E+00     0.0000E+00     1.5073E+05     3.4914E+05     1.5073E+05     1.7457E+05     1.0125E+10     1.0125E+10
    3.9500E+01     0.0000E+00     0.0000E+00     1.6527E+05     4.6023E+05     1.9869E+05     2.3011E+05     1.2172E+10     1.2172E+10
