   -8.0000E+00     1.3456E-27     2.0429E-27     1.2102E-06     4.6869E-06     2.0234E-06     2.3435E-06     5.7189E+02     5.7189E+02
   -7.9000E+00     1.3456E-27     2.0429E-27     1.2043E-06     4.6185E-06     1.9939E-06     2.3093E-06     5.6631E+02     5.6631E+02
   -7.8000E+00     1.3456E-27     2.0429E-27     1.1367E-06     3.8831E-06     1.6764E-06     1.9415E-06     5.0447E+02     5.0447E+02
   -7.7000E+00     1.3555E-27     2.0469E-27     2.5333E-07     3.5474E-06     1.5315E-06     1.7737E-06     4.7497E+02     4.7497E+02
   -7.6000E+00     1.3513E-27     2.0457E-27     2.7729E-07     4.0645E-06     1.7547E-06     2.0323E-06     5.2007E+02     5.2007E+02
   -7.5000E+00     1.3407E-27     2.0322E-27     1.2209E-06     4.7272E-06     2.0408E-06     2.3636E-06     5.7516E+02     5.7516E+02
   -7.4000E+00     1.3333E-27     2.0215E-27     1.4412E-06     4.5575E-06     1.9676E-06     2.2788E-06     5.6131E+02     5.6131E+02
   -7.3000E+00     1.3676E-27     2.0313E-27     1.0841E-06     3.8128E-06     1.6461E-06     1.9064E-06     4.9837E+02     4.9837E+02
   -7.2000E+00     1.5883E-27     2.1022E-27     2.4705E-07     3.5647E-06     1.5389E-06     1.7823E-06     4.7650E+02     4.7650E+02
   -7.1000E+00     2.5807E-27     2.4340E-27     2.8287E-07     4.1466E-06     1.7902E-06     2.0733E-06     5.2704E+02     5.2704E+02
   -7.0000E+00     6.3605E-27     3.7698E-27     1.2922E-06     4.7571E-06     2.0537E-06     2.3785E-06     5.7758E+02     5.7758E+02
   -6.9000E+00     2.1593E-26     9.4678E-27     1.4251E-06     4.4895E-06     1.9382E-06     2.2447E-06     5.5571E+02     5.5571E+02
   -6.8000E+00     9.6277E-26     3.6334E-26     1.0124E-06     3.7487E-06     1.6184E-06     1.8744E-06     4.9277E+02     4.9277E+02
   -6.7000E+00     4.6100E-25     1.6376E-25     2.4662E-07     3.5919E-06     1.5507E-06     1.7959E-06     4.7893E+02     4.7893E+02
   -6.6000E+00     1.8765E-24     6.7128E-25     2.8851E-07     4.2292E-06     1.8258E-06     2.1146E-06     5.3402E+02     5.3402E+02
   -6.5000E+00     6.6769E-24     2.4712E-24     1.3445E-06     4.7760E-06     2.0619E-06     2.3880E-06     5.7912E+02     5.7912E+02
   -6.4000E+00     2.4475E-23     9.4016E-24     1.4037E-06     4.4157E-06     1.9064E-06     2.2078E-06     5.4961E+02     5.4961E+02
   -6.3000E+00     1.0360E-22     3.8832E-23     9.0041E-07     3.6918E-06     1.5939E-06     1.8459E-06     4.8777E+02     4.8777E+02
   -6.2000E+00     4.4516E-22     1.6285E-22     2.4791E-07     3.6287E-06     1.5666E-06     1.8144E-06     4.8220E+02     4.8220E+02
   -6.1000E+00     1.6335E-21     6.0663E-22     2.9408E-07     4.3108E-06     1.8611E-06     2.1554E-06     5.4087E+02     5.4087E+02
   -6.0000E+00     5.3543E-21     2.0628E-21     1.3847E-06     4.7837E-06     2.0652E-06     2.3918E-06     5.7973E+02     5.7973E+02
   -5.9000E+00     1.8235E-20     7.2583E-21     1.3773E-06     4.3376E-06     1.8726E-06     2.1688E-06     5.4310E+02     5.4310E+02
   -5.8000E+00     7.0260E-20     2.7325E-20     2.9210E-07     3.6430E-06     1.5728E-06     1.8215E-06     4.8346E+02     4.8346E+02
   -5.7000E+00     2.6921E-19     1.0273E-19     2.5080E-07     3.6746E-06     1.5864E-06     1.8373E-06     4.8626E+02     4.8626E+02
   -5.6000E+00     8.9214E-19     3.4604E-19     2.9949E-07     4.3901E-06     1.8953E-06     2.1950E-06     5.4748E+02     5.4748E+02
   -5.5000E+00     2.6966E-18     1.0858E-18     1.4151E-06     4.7798E-06     2.0636E-06     2.3899E-06     5.7942E+02     5.7942E+02
   -5.4000E+00     8.5200E-18     3.5264E-18     1.3460E-06     4.2565E-06     1.8376E-06     2.1283E-06     5.3632E+02     5.3632E+02
   -5.3000E+00     2.9835E-17     1.2088E-17     2.6949E-07     3.6031E-06     1.5555E-06     1.8016E-06     4.7992E+02     4.7992E+02
   -5.2000E+00     1.0213E-16     4.0822E-17     2.5448E-07     3.7289E-06     1.6099E-06     1.8645E-06     4.9103E+02     4.9103E+02
   -5.1000E+00     3.0647E-16     1.2468E-16     3.0463E-07     4.4655E-06     1.9278E-06     2.2327E-06     5.5373E+02     5.5373E+02
   -5.0000E+00     8.5476E-16     3.6095E-16     1.4371E-06     4.7646E-06     2.0570E-06     2.3823E-06     5.7819E+02     5.7819E+02
   -4.9000E+00     2.4980E-15     1.0800E-15     1.3102E-06     4.1741E-06     1.8020E-06     2.0870E-06     5.2937E+02     5.2937E+02
   -4.8000E+00     7.8530E-15     3.3631E-15     2.6675E-07     3.5726E-06     1.5424E-06     1.7863E-06     4.7721E+02     4.7721E+02
   -4.7000E+00     2.2638E-14     1.0138E-14     2.5867E-07     3.7907E-06     1.6365E-06     1.8954E-06     4.9644E+02     4.9644E+02
   -4.6000E+00     6.0407E-14     2.8077E-14     3.0941E-07     4.5356E-06     1.9581E-06     2.2678E-06     5.5951E+02     5.5951E+02
   -4.5000E+00     1.5630E-13     7.5043E-14     1.4512E-06     4.7383E-06     2.0456E-06     2.3691E-06     5.7606E+02     5.7606E+02
   -4.4000E+00     4.2163E-13     2.0654E-13     1.2698E-06     4.0917E-06     1.7665E-06     2.0458E-06     5.2238E+02     5.2238E+02
   -4.3000E+00     1.2083E-12     5.8530E-13     2.6250E-07     3.5520E-06     1.5335E-06     1.7760E-06     4.7538E+02     4.7538E+02
   -4.2000E+00     3.3329E-12     1.6061E-12     2.6331E-07     3.8591E-06     1.6660E-06     1.9295E-06     5.0239E+02     5.0239E+02
   -4.1000E+00     8.3242E-12     4.0679E-12     3.1379E-07     4.5991E-06     1.9855E-06     2.2995E-06     5.6472E+02     5.6472E+02
   -4.0000E+00     1.9858E-11     1.0017E-11     1.4572E-06     4.7014E-06     2.0297E-06     2.3507E-06     5.7307E+02     5.7307E+02
   -3.9000E+00     4.9371E-11     2.5317E-11     1.2266E-06     4.0108E-06     1.7316E-06     2.0054E-06     5.1548E+02     5.1548E+02
   -3.8000E+00     1.2836E-10     6.5240E-11     2.5648E-07     3.5417E-06     1.5290E-06     1.7708E-06     4.7445E+02     4.7445E+02
   -3.7000E+00     3.1876E-10     1.6193E-10     2.6832E-07     3.9328E-06     1.6979E-06     1.9664E-06     5.0877E+02     5.0877E+02
   -3.6000E+00     7.2542E-10     3.7443E-10     8.3659E-07     4.6547E-06     2.0095E-06     2.3273E-06     5.6927E+02     5.6927E+02
   -3.5000E+00     1.5951E-09     8.4888E-10     1.4559E-06     4.6547E-06     2.0095E-06     2.3273E-06     5.6926E+02     5.6926E+02
   -3.4000E+00     3.6472E-09     1.9672E-09     1.1787E-06     3.9328E-06     1.6979E-06     1.9664E-06     5.0877E+02     5.0877E+02
   -3.3000E+00     8.5974E-09     4.6094E-09     2.5158E-07     3.5417E-06     1.5290E-06     1.7708E-06     4.7445E+02     4.7445E+02
   -3.2000E+00     1.9268E-08     1.0371E-08     2.7362E-07     4.0108E-06     1.7316E-06     2.0054E-06     5.1548E+02     5.1548E+02
   -3.1000E+00     4.0036E-08     2.1935E-08     1.1483E-06     4.7014E-06     2.0297E-06     2.3507E-06     5.7307E+02     5.7307E+02
   -3.0000E+00     8.1099E-08     4.5753E-08     1.4487E-06     4.5990E-06     1.9855E-06     2.2995E-06     5.6472E+02     5.6472E+02
   -2.9000E+00     1.7020E-07     9.7101E-08     1.1245E-06     3.8590E-06     1.6660E-06     1.9295E-06     5.0239E+02     5.0239E+02
   -2.8000E+00     3.6372E-07     2.0691E-07     2.4827E-07     3.5520E-06     1.5335E-06     1.7760E-06     4.7538E+02     4.7538E+02
   -2.7000E+00     7.3798E-07     4.2305E-07     2.7913E-07     4.0917E-06     1.7665E-06     2.0459E-06     5.2238E+02     5.2238E+02
   -2.6000E+00     1.4023E-06     8.1999E-07     1.2474E-06     4.7383E-06     2.0456E-06     2.3692E-06     5.7606E+02     5.7606E+02
   -2.5000E+00     2.6161E-06     1.5731E-06     1.4328E-06     4.5356E-06     1.9581E-06     2.2678E-06     5.5951E+02     5.5951E+02
   -2.4000E+00     5.0383E-06     3.0568E-06     1.0586E-06     3.7907E-06     1.6365E-06     1.8954E-06     4.9644E+02     4.9644E+02
   -2.3000E+00     9.7742E-06     5.9296E-06     2.4639E-07     3.5726E-06     1.5424E-06     1.7863E-06     4.7721E+02     4.7721E+02
   -2.2000E+00     1.8001E-05     1.1037E-05     2.8475E-07     4.1741E-06     1.8021E-06     2.0870E-06     5.2937E+02     5.2937E+02
   -2.1000E+00     3.1311E-05     1.9622E-05     1.3015E-06     4.7646E-06     2.0570E-06     2.3823E-06     5.7819E+02     5.7819E+02
   -2.0000E+00     5.3950E-05     3.4595E-05     1.3665E-06     4.4654E-06     1.9278E-06     2.2327E-06     5.5373E+02     5.5373E+02
   -1.9000E+00     9.5031E-05     6.1378E-05     9.7001E-07     3.7289E-06     1.6099E-06     1.8645E-06     4.9103E+02     4.9103E+02
   -1.8000E+00     1.6555E-04     1.0749E-04     2.4656E-07     3.6031E-06     1.5555E-06     1.8016E-06     4.7992E+02     4.7992E+02
   -1.7000E+00     2.7259E-04     1.8025E-04     2.9040E-07     4.2565E-06     1.8376E-06     2.1283E-06     5.3632E+02     5.3632E+02
   -1.6000E+00     4.2707E-04     2.9003E-04     1.3175E-06     4.7798E-06     2.0636E-06     2.3899E-06     5.7942E+02     5.7942E+02
   -1.5000E+00     6.6425E-04     4.6167E-04     1.2816E-06     4.3901E-06     1.8953E-06     2.1950E-06     5.4748E+02     5.4748E+02
   -1.4000E+00     1.0471E-03     7.3544E-04     1.6540E-06     3.6746E-06     1.5864E-06     1.8373E-06     4.8625E+02     4.8625E+02
   -1.3000E+00     1.6357E-03     1.1674E-03     4.7435E-07     3.6431E-06     1.5728E-06     1.8215E-06     4.8346E+02     4.8346E+02
   -1.2000E+00     2.4496E-03     1.7933E-03     2.1121E-06     4.3376E-06     1.8726E-06     2.1688E-06     5.4311E+02     5.4311E+02
   -1.1000E+00     3.5327E-03     2.6587E-03     6.2596E-06     4.7837E-06     2.0652E-06     2.3918E-06     5.7973E+02     5.7973E+02
   -1.0000E+00     5.0783E-03     3.9155E-03     6.9918E-06     4.3108E-06     1.8611E-06     2.1554E-06     5.4087E+02     5.4087E+02
   -9.0000E-01     7.3966E-03     5.7936E-03     1.3658E-05     3.6287E-06     1.5666E-06     1.8144E-06     4.8220E+02     4.8220E+02
   -8.0000E-01     1.0621E-02     8.4946E-03     1.0282E-05     3.6918E-06     1.5939E-06     1.8459E-06     4.8777E+02     4.8777E+02
   -7.0000E-01     1.4619E-02     1.2029E-02     2.8987E-05     4.4157E-06     1.9064E-06     2.2078E-06     5.4961E+02     5.4961E+02
   -6.0000E-01     1.9484E-02     1.6471E-02     4.4247E-05     4.7760E-06     2.0619E-06     2.3880E-06     5.7912E+02     5.7912E+02
   -5.0000E-01     2.5798E-02     2.2248E-02     4.8616E-05     4.2291E-06     1.8258E-06     2.1146E-06     5.3402E+02     5.3402E+02
   -4.0000E-01     3.4209E-02     2.9917E-02     8.3158E-05     3.5919E-06     1.5507E-06     1.7959E-06     4.7893E+02     4.7893E+02
   -3.0000E-01     4.4350E-02     3.9548E-02     8.4882E-05     3.7487E-06     1.6184E-06     1.8744E-06     4.9277E+02     4.9277E+02
   -2.0000E-01     5.5043E-02     5.0342E-02     2.1968E-04     4.4895E-06     1.9382E-06     2.2447E-06     5.5571E+02     5.5571E+02
   -1.0000E-01     6.6279E-02     6.2175E-02     2.7428E-04     4.7571E-06     2.0537E-06     2.3785E-06     5.7758E+02     5.7758E+02
    0.0000E+00     7.9604E-02     7.6394E-02     2.8966E-04     4.1465E-06     1.7902E-06     2.0733E-06     5.2704E+02     5.2704E+02
    1.0000E-01     9.5862E-02     9.4126E-02     3.6859E-04     3.5646E-06     1.5389E-06     1.7823E-06     4.7650E+02     4.7650E+02
    2.0000E-01     1.1278E-01     1.1426E-01     3.3170E-04     3.8128E-06     1.6461E-06     1.9064E-06     4.9837E+02     4.9837E+02
    3.0000E-01     1.2831E-01     1.3446E-01     7.7600E-04     4.5575E-06     1.9676E-06     2.2788E-06     5.6131E+02     5.6131E+02
    4.0000E-01     1.4258E-01     1.5427E-01     7.9251E-04     4.7271E-06     2.0408E-06     2.3636E-06     5.7516E+02     5.7516E+02
    5.0000E-01     1.5780E-01     1.7554E-01     8.5897E-04     4.0645E-06     1.7547E-06     2.0322E-06     5.2007E+02     5.2007E+02
    6.0000E-01     1.7413E-01     1.9966E-01     8.3233E-04     3.5474E-06     1.5315E-06     1.7737E-06     4.7497E+02     4.7497E+02
    7.0000E-01     1.8728E-01     2.2638E-01     7.0947E-04     3.8831E-06     1.6764E-06     1.9415E-06     5.0447E+02     5.0447E+02
    8.0000E-01     1.9542E-01     2.4213E-01     2.4900E-03     4.6185E-06     1.9939E-06     2.3093E-06     5.6631E+02     5.6631E+02
    9.0000E-01     2.0064E-01     2.5462E-01     2.0357E-03     4.6869E-06     2.0234E-06     2.3434E-06     5.7189E+02     5.7189E+02
    1.0000E+00     2.0585E-01     2.6712E-01     2.2338E-03     3.9844E-06     1.7202E-06     1.9922E-06     5.1321E+02     5.1321E+02
    1.1000E+00     2.0776E-01     2.7793E-01     1.5668E-03     3.5405E-06     1.5285E-06     1.7703E-06     4.7435E+02     4.7435E+02
    1.2000E+00     2.0513E-01     2.8708E-01     1.3430E-03     3.9584E-06     1.7089E-06     1.9792E-06     5.1098E+02     5.1098E+02
    1.3000E+00     1.9806E-01     2.8867E-01     3.5988E-03     4.6713E-06     2.0167E-06     2.3357E-06     5.7062E+02     5.7062E+02
    1.4000E+00     1.8731E-01     2.8480E-01     2.3863E-03     4.6371E-06     2.0019E-06     2.3185E-06     5.6783E+02     5.6783E+02
    1.5000E+00     1.7665E-01     2.7939E-01     2.5810E-03     3.9077E-06     1.6870E-06     1.9539E-06     5.0660E+02     5.0660E+02
    1.6000E+00     1.6486E-01     2.7606E-01     1.3509E-03     3.5440E-06     1.5300E-06     1.7720E-06     4.7466E+02     4.7466E+02
    1.7000E+00     1.4950E-01     2.6707E-01     1.2636E-03     4.0375E-06     1.7431E-06     2.0188E-06     5.1776E+02     5.1776E+02
    1.8000E+00     1.3671E-01     2.5260E-01     4.6395E-03     4.7148E-06     2.0355E-06     2.3574E-06     5.7416E+02     5.7416E+02
    1.9000E+00     1.2242E-01     2.3539E-01     2.7137E-03     4.5787E-06     1.9767E-06     2.2893E-06     5.6305E+02     5.6305E+02
    2.0000E+00     1.0859E-01     2.1767E-01     3.1473E-03     3.8356E-06     1.6559E-06     1.9178E-06     5.0035E+02     5.0035E+02
    2.1000E+00     9.3589E-02     2.0102E-01     1.1747E-03     3.5578E-06     1.5360E-06     1.7789E-06     4.7589E+02     4.7589E+02
    2.2000E+00     7.7845E-02     1.8353E-01     9.4990E-04     4.1191E-06     1.7783E-06     2.0595E-06     5.2471E+02     5.2471E+02
    2.3000E+00     6.6724E-02     1.6484E-01     3.8325E-03     4.7483E-06     2.0499E-06     2.3741E-06     5.7687E+02     5.7687E+02
    2.4000E+00     5.6349E-02     1.4701E-01     2.0658E-03     4.5129E-06     1.9483E-06     2.2564E-06     5.5764E+02     5.5764E+02
    2.5000E+00     4.7489E-02     1.3088E-01     2.4756E-03     3.7693E-06     1.6273E-06     1.8847E-06     4.9457E+02     4.9457E+02
    2.6000E+00     3.8741E-02     1.1743E-01     6.3034E-04     3.5817E-06     1.5463E-06     1.7909E-06     4.7802E+02     4.7802E+02
    2.7000E+00     3.1124E-02     1.0518E-01     7.2841E-04     4.2016E-06     1.8139E-06     2.1008E-06     5.3170E+02     5.3170E+02
    2.8000E+00     2.5099E-02     9.1285E-02     1.7735E-03     4.7709E-06     2.0597E-06     2.3855E-06     5.7870E+02     5.7870E+02
    2.9000E+00     2.0464E-02     7.8912E-02     1.7968E-03     4.4408E-06     1.9172E-06     2.2204E-06     5.5169E+02     5.5169E+02
    3.0000E+00     1.6655E-02     6.8087E-02     2.1355E-03     3.7099E-06     1.6017E-06     1.8550E-06     4.8936E+02     4.8936E+02
    3.1000E+00     1.3082E-02     5.9632E-02     3.1302E-04     3.6154E-06     1.5609E-06     1.8077E-06     4.8101E+02     4.8101E+02
    3.2000E+00     1.0296E-02     5.2966E-02     4.2118E-04     4.2838E-06     1.8494E-06     2.1419E-06     5.3861E+02     5.3861E+02
    3.3000E+00     8.3257E-03     4.5682E-02     1.4086E-03     4.7824E-06     2.0647E-06     2.3912E-06     5.7963E+02     5.7963E+02
    3.4000E+00     6.4913E-03     3.9063E-02     9.5989E-04     4.3640E-06     1.8840E-06     2.1820E-06     5.4531E+02     5.4531E+02
    3.5000E+00     5.3403E-03     3.3128E-02     2.5441E-03     3.6584E-06     1.5794E-06     1.8292E-06     4.8482E+02     4.8482E+02
    3.6000E+00     4.1570E-03     2.9093E-02     6.4763E-05     3.6584E-06     1.5794E-06     1.8292E-06     4.8482E+02     4.8482E+02
    3.7000E+00     3.3142E-03     2.6023E-02     2.4077E-04     4.3640E-06     1.8840E-06     2.1820E-06     5.4531E+02     5.4531E+02
    3.8000E+00     2.6714E-03     2.2896E-02     3.4071E-04     4.7824E-06     2.0647E-06     2.3912E-06     5.7963E+02     5.7963E+02
    3.9000E+00     2.0804E-03     2.1204E-02     8.7465E-05     4.2838E-06     1.8494E-06     2.1419E-06     5.3861E+02     5.3861E+02
    4.0000E+00     2.0071E-03     1.9261E-02     9.0224E-04     3.6154E-06     1.5609E-06     1.8077E-06     4.8102E+02     4.8102E+02
    4.1000E+00     1.7027E-03     1.7845E-02     2.3912E-05     3.7099E-06     1.6017E-06     1.8550E-06     4.8936E+02     4.8936E+02
    4.2000E+00     1.4115E-03     1.6783E-02     1.2280E-06     4.4408E-06     1.9172E-06     2.2204E-06     5.5169E+02     5.5169E+02
    4.3000E+00     1.1879E-03     1.5724E-02     3.0368E-06     4.7709E-06     2.0597E-06     2.3855E-06     5.7870E+02     5.7870E+02
    4.4000E+00     9.9917E-04     1.4530E-02     1.8967E-06     4.2016E-06     1.8140E-06     2.1008E-06     5.3170E+02     5.3170E+02
    4.5000E+00     8.4792E-04     1.3211E-02     1.1900E-04     3.5817E-06     1.5463E-06     1.7909E-06     4.7802E+02     4.7802E+02
    4.6000E+00     7.1919E-04     1.2134E-02     9.1723E-07     3.7693E-06     1.6273E-06     1.8847E-06     4.9457E+02     4.9457E+02
    4.7000E+00     6.1694E-04     1.1128E-02     3.0790E-07     4.5129E-06     1.9483E-06     2.2564E-06     5.5764E+02     5.5764E+02
    4.8000E+00     5.3536E-04     1.0204E-02     1.6087E-06     4.7483E-06     2.0499E-06     2.3741E-06     5.7687E+02     5.7687E+02
    4.9000E+00     4.6674E-04     9.3545E-03     1.4178E-06     4.1191E-06     1.7783E-06     2.0595E-06     5.2471E+02     5.2471E+02
    5.0000E+00     4.0643E-04     8.5522E-03     3.3976E-07     3.5578E-06     1.5360E-06     1.7789E-06     4.7589E+02     4.7589E+02
    5.1000E+00     3.5271E-04     7.7929E-03     2.6198E-07     3.8356E-06     1.6559E-06     1.9178E-06     5.0035E+02     5.0035E+02
    5.2000E+00     3.0585E-04     7.1026E-03     3.1236E-07     4.5787E-06     1.9767E-06     2.2893E-06     5.6305E+02     5.6305E+02
    5.3000E+00     2.6594E-04     6.4913E-03     1.4858E-06     4.7149E-06     2.0355E-06     2.3574E-06     5.7416E+02     5.7416E+02
    5.4000E+00     2.3249E-04     5.9584E-03     1.2728E-06     4.0375E-06     1.7431E-06     2.0188E-06     5.1776E+02     5.1776E+02
    5.5000E+00     2.0467E-04     5.4994E-03     2.6352E-07     3.5440E-06     1.5300E-06     1.7720E-06     4.7466E+02     4.7466E+02
    5.6000E+00     1.8109E-04     5.0920E-03     2.6662E-07     3.9077E-06     1.6870E-06     1.9538E-06     5.0660E+02     5.0660E+02
    5.7000E+00     1.6065E-04     4.7197E-03     3.7496E-07     4.6371E-06     2.0019E-06     2.3185E-06     5.6783E+02     5.6783E+02
    5.8000E+00     1.4288E-04     4.3816E-03     1.4636E-06     4.6713E-06     2.0167E-06     2.3357E-06     5.7062E+02     5.7062E+02
    5.9000E+00     1.2731E-04     4.0704E-03     1.2045E-06     3.9584E-06     1.7089E-06     1.9792E-06     5.1098E+02     5.1098E+02
    6.0000E+00     1.1367E-04     3.7854E-03     2.5418E-07     3.5405E-06     1.5285E-06     1.7703E-06     4.7435E+02     4.7435E+02
    6.1000E+00     1.0179E-04     3.5276E-03     2.7183E-07     3.9844E-06     1.7202E-06     1.9922E-06     5.1321E+02     5.1321E+02
    6.2000E+00     9.1318E-05     3.2897E-03     1.1665E-06     4.6869E-06     2.0234E-06     2.3434E-06     5.7189E+02     5.7189E+02
    6.3000E+00     8.2110E-05     3.0723E-03     1.4539E-06     4.6185E-06     1.9939E-06     2.3093E-06     5.6631E+02     5.6631E+02
    6.4000E+00     7.4010E-05     2.8740E-03     1.1464E-06     3.8831E-06     1.6764E-06     1.9416E-06     5.0448E+02     5.0448E+02
    6.5000E+00     6.6803E-05     2.6899E-03     2.4954E-07     3.5474E-06     1.5315E-06     1.7737E-06     4.7497E+02     4.7497E+02
    6.6000E+00     6.0431E-05     2.5214E-03     2.7728E-07     4.0645E-06     1.7547E-06     2.0322E-06     5.2006E+02     5.2006E+02
    6.7000E+00     5.4775E-05     2.3664E-03     1.2227E-06     4.7271E-06     2.0408E-06     2.3636E-06     5.7516E+02     5.7516E+02
    6.8000E+00     4.9709E-05     2.2219E-03     1.4416E-06     4.5575E-06     1.9676E-06     2.2788E-06     5.6132E+02     5.6132E+02
    6.9000E+00     4.5210E-05     2.0897E-03     1.0850E-06     3.8128E-06     1.6461E-06     1.9064E-06     4.9837E+02     4.9837E+02
    7.0000E+00     4.1180E-05     1.9669E-03     2.4715E-07     3.5646E-06     1.5389E-06     1.7823E-06     4.7650E+02     4.7650E+02
    7.1000E+00     3.7553E-05     1.8523E-03     2.8287E-07     4.1465E-06     1.7902E-06     2.0733E-06     5.2704E+02     5.2704E+02
    7.2000E+00     3.4318E-05     1.7472E-03     1.2918E-06     4.7570E-06     2.0537E-06     2.3785E-06     5.7758E+02     5.7758E+02
    7.3000E+00     3.1394E-05     1.6488E-03     1.4252E-06     4.4895E-06     1.9382E-06     2.2447E-06     5.5572E+02     5.5572E+02
    7.4000E+00     2.8757E-05     1.5571E-03     1.0125E-06     3.7487E-06     1.6184E-06     1.8744E-06     4.9277E+02     4.9277E+02
    7.5000E+00     2.6391E-05     1.4726E-03     2.4664E-07     3.5919E-06     1.5507E-06     1.7959E-06     4.7892E+02     4.7892E+02
    7.6000E+00     2.4237E-05     1.3929E-03     2.8851E-07     4.2291E-06     1.8258E-06     2.1146E-06     5.3402E+02     5.3402E+02
    7.7000E+00     2.2292E-05     1.3189E-03     1.3441E-06     4.7760E-06     2.0619E-06     2.3880E-06     5.7911E+02     5.7911E+02
    7.8000E+00     2.0535E-05     1.2502E-03     1.4037E-06     4.4157E-06     1.9064E-06     2.2079E-06     5.4961E+02     5.4961E+02
    7.9000E+00     1.8927E-05     1.1851E-03     9.0030E-07     3.6919E-06     1.5939E-06     1.8459E-06     4.8777E+02     4.8777E+02
    8.0000E+00     1.7473E-05     1.1249E-03     2.4791E-07     3.6287E-06     1.5666E-06     1.8144E-06     4.8219E+02     4.8219E+02
    8.1000E+00     1.6150E-05     1.0685E-03     2.9408E-07     4.3108E-06     1.8611E-06     2.1554E-06     5.4087E+02     5.4087E+02
    8.2000E+00     1.4935E-05     1.0150E-03     1.3844E-06     4.7837E-06     2.0652E-06     2.3918E-06     5.7973E+02     5.7973E+02
    8.3000E+00     1.3835E-05     9.6549E-04     1.3773E-06     4.3376E-06     1.8726E-06     2.1688E-06     5.4311E+02     5.4311E+02
    8.4000E+00     1.2826E-05     9.1873E-04     2.9228E-07     3.6431E-06     1.5728E-06     1.8215E-06     4.8347E+02     4.8347E+02
    8.5000E+00     1.1898E-05     8.7450E-04     2.5080E-07     3.6746E-06     1.5864E-06     1.8373E-06     4.8625E+02     4.8625E+02
    8.6000E+00     1.1055E-05     8.3351E-04     2.9948E-07     4.3900E-06     1.8953E-06     2.1950E-06     5.4748E+02     5.4748E+02
    8.7000E+00     1.0277E-05     7.9445E-04     1.4150E-06     4.7798E-06     2.0636E-06     2.3899E-06     5.7942E+02     5.7942E+02
    8.8000E+00     9.5623E-06     7.5768E-04     1.3460E-06     4.2566E-06     1.8377E-06     2.1283E-06     5.3632E+02     5.3632E+02
    8.9000E+00     8.9096E-06     7.2342E-04     2.6950E-07     3.6031E-06     1.5556E-06     1.8016E-06     4.7993E+02     4.7993E+02
    9.0000E+00     8.3035E-06     6.9059E-04     2.5448E-07     3.7289E-06     1.6099E-06     1.8644E-06     4.9103E+02     4.9103E+02
    9.1000E+00     7.7473E-06     6.5983E-04     3.0463E-07     4.4654E-06     1.9278E-06     2.2327E-06     5.5373E+02     5.5373E+02
    9.2000E+00     7.2363E-06     6.3095E-04     1.4370E-06     4.7646E-06     2.0570E-06     2.3823E-06     5.7819E+02     5.7819E+02
    9.3000E+00     6.7602E-06     6.0321E-04     1.3102E-06     4.1741E-06     1.8021E-06     2.0871E-06     5.2937E+02     5.2937E+02
    9.4000E+00     6.3235E-06     5.7731E-04     2.6676E-07     3.5726E-06     1.5424E-06     1.7863E-06     4.7721E+02     4.7721E+02
    9.5000E+00     5.9194E-06     5.5275E-04     2.5867E-07     3.7907E-06     1.6365E-06     1.8953E-06     4.9644E+02     4.9644E+02
    9.6000E+00     5.5422E-06     5.2917E-04     3.0941E-07     4.5355E-06     1.9581E-06     2.2678E-06     5.5951E+02     5.5951E+02
    9.7000E+00     5.1960E-06     5.0716E-04     1.4512E-06     4.7383E-06     2.0456E-06     2.3692E-06     5.7606E+02     5.7606E+02
    9.8000E+00     4.8730E-06     4.8604E-04     1.2699E-06     4.0917E-06     1.7665E-06     2.0459E-06     5.2239E+02     5.2239E+02
    9.9000E+00     4.5714E-06     4.6581E-04     2.6251E-07     3.5521E-06     1.5335E-06     1.7760E-06     4.7538E+02     4.7538E+02
    1.0000E+01     4.2935E-06     4.4681E-04     2.6331E-07     3.8590E-06     1.6660E-06     1.9295E-06     5.0239E+02     5.0239E+02
    1.0100E+01     4.0318E-06     4.2834E-04     3.1379E-07     4.5990E-06     1.9855E-06     2.2995E-06     5.6472E+02     5.6472E+02
    1.0200E+01     3.7874E-06     4.1063E-04     1.4572E-06     4.7014E-06     2.0297E-06     2.3507E-06     5.7307E+02     5.7307E+02
    1.0300E+01     3.5600E-06     3.9376E-04     1.2266E-06     4.0108E-06     1.7316E-06     2.0054E-06     5.1548E+02     5.1548E+02
    1.0400E+01     3.3439E-06     3.7711E-04     2.5649E-07     3.5417E-06     1.5290E-06     1.7708E-06     4.7445E+02     4.7445E+02
    1.0500E+01     3.1409E-06     3.6103E-04     2.6832E-07     3.9328E-06     1.6979E-06     1.9664E-06     5.0877E+02     5.0877E+02
    1.0600E+01     2.9492E-06     3.4532E-04     8.3618E-07     4.6547E-06     2.0095E-06     2.3273E-06     5.6926E+02     5.6926E+02
    1.0700E+01     2.7647E-06     3.2955E-04     1.4560E-06     4.6547E-06     2.0095E-06     2.3274E-06     5.6927E+02     5.6927E+02
    1.0800E+01     2.5896E-06     3.1406E-04     1.1787E-06     3.9328E-06     1.6979E-06     1.9664E-06     5.0877E+02     5.0877E+02
    1.0900E+01     2.4208E-06     2.9848E-04     2.5158E-07     3.5417E-06     1.5290E-06     1.7708E-06     4.7445E+02     4.7445E+02
    1.1000E+01     2.2561E-06     2.8260E-04     2.7362E-07     4.0108E-06     1.7315E-06     2.0054E-06     5.1547E+02     5.1547E+02
    1.1100E+01     2.0972E-06     2.6669E-04     1.1481E-06     4.7014E-06     2.0297E-06     2.3507E-06     5.7307E+02     5.7307E+02
    1.1200E+01     1.9407E-06     2.5030E-04     1.4489E-06     4.5991E-06     1.9855E-06     2.2995E-06     5.6472E+02     5.6472E+02
    1.1300E+01     1.7860E-06     2.3342E-04     1.1247E-06     3.8591E-06     1.6661E-06     1.9295E-06     5.0239E+02     5.0239E+02
    1.1400E+01     1.6343E-06     2.1623E-04     2.4830E-07     3.5520E-06     1.5335E-06     1.7760E-06     4.7538E+02     4.7538E+02
    1.1500E+01     1.4832E-06     1.9844E-04     2.7913E-07     4.0917E-06     1.7665E-06     2.0458E-06     5.2238E+02     5.2238E+02
    1.1600E+01     1.3357E-06     1.8057E-04     1.2476E-06     4.7383E-06     2.0456E-06     2.3691E-06     5.7606E+02     5.7606E+02
    1.1700E+01     1.1959E-06     1.6328E-04     1.4364E-06     4.5356E-06     1.9581E-06     2.2678E-06     5.5951E+02     5.5951E+02
    1.1800E+01     1.0637E-06     1.4662E-04     1.0621E-06     3.7907E-06     1.6366E-06     1.8954E-06     4.9644E+02     4.9644E+02
    1.1900E+01     9.3869E-07     1.3056E-04     2.4672E-07     3.5726E-06     1.5424E-06     1.7863E-06     4.7721E+02     4.7721E+02
    1.2000E+01     8.2063E-07     1.1512E-04     2.8475E-07     4.1741E-06     1.8020E-06     2.0870E-06     5.2937E+02     5.2937E+02
    1.2100E+01     7.0952E-07     1.0033E-04     1.3112E-06     4.7646E-06     2.0570E-06     2.3823E-06     5.7819E+02     5.7819E+02
    1.2200E+01     6.0552E-07     8.6263E-05     1.4185E-06     4.4655E-06     1.9279E-06     2.2327E-06     5.5373E+02     5.5373E+02
    1.2300E+01     5.0908E-07     7.3018E-05     9.8315E-07     3.7289E-06     1.6099E-06     1.8645E-06     4.9103E+02     4.9103E+02
    1.2400E+01     4.2076E-07     6.0724E-05     2.4685E-07     3.6031E-06     1.5555E-06     1.8015E-06     4.7992E+02     4.7992E+02
    1.2500E+01     3.4121E-07     4.9518E-05     2.9037E-07     4.2565E-06     1.8376E-06     2.1283E-06     5.3632E+02     5.3632E+02
    1.2600E+01     2.7100E-07     3.9523E-05     1.3590E-06     4.7798E-06     2.0636E-06     2.3899E-06     5.7942E+02     5.7942E+02
    1.2700E+01     2.1050E-07     3.0834E-05     1.3954E-06     4.3901E-06     1.8953E-06     2.1950E-06     5.4748E+02     5.4748E+02
    1.2800E+01     1.5976E-07     2.3492E-05     8.1445E-07     3.6747E-06     1.5864E-06     1.8373E-06     4.8626E+02     4.8626E+02
    1.2900E+01     1.1844E-07     1.7476E-05     2.4872E-07     3.6430E-06     1.5728E-06     1.8215E-06     4.8346E+02     4.8346E+02
    1.3000E+01     8.5795E-08     1.2698E-05     2.9590E-07     4.3375E-06     1.8726E-06     2.1688E-06     5.4310E+02     5.4310E+02
    1.3100E+01     6.0768E-08     9.0199E-06     1.3958E-06     4.7837E-06     2.0652E-06     2.3918E-06     5.7973E+02     5.7973E+02
    1.3200E+01     4.2110E-08     6.2677E-06     1.3674E-06     4.3108E-06     1.8611E-06     2.1554E-06     5.4087E+02     5.4087E+02
    1.3300E+01     2.8545E-08     4.2604E-06     2.6961E-07     3.6287E-06     1.5666E-06     1.8144E-06     4.8220E+02     4.8220E+02
    1.3400E+01     1.8904E-08     2.8294E-06     2.5196E-07     3.6918E-06     1.5938E-06     1.8459E-06     4.8777E+02     4.8777E+02
    1.3500E+01     1.2196E-08     1.8309E-06     3.0123E-07     4.4157E-06     1.9063E-06     2.2078E-06     5.4961E+02     5.4961E+02
    1.3600E+01     7.6358E-09     1.1501E-06     1.4234E-06     4.7760E-06     2.0619E-06     2.3880E-06     5.7912E+02     5.7912E+02
    1.3700E+01     4.6187E-09     6.9837E-07     1.3346E-06     4.2292E-06     1.8258E-06     2.1146E-06     5.3402E+02     5.3402E+02
    1.3800E+01     2.6889E-09     4.0868E-07     2.6884E-07     3.5919E-06     1.5507E-06     1.7959E-06     4.7893E+02     4.7893E+02
    1.3900E+01     1.5052E-09     2.3056E-07     2.5582E-07     3.7487E-06     1.6184E-06     1.8743E-06     4.9277E+02     4.9277E+02
    1.4000E+01     8.1378E-10     1.2630E-07     3.0626E-07     4.4894E-06     1.9382E-06     2.2447E-06     5.5571E+02     5.5571E+02
    1.4100E+01     4.3098E-10     6.8490E-08     1.4426E-06     4.7571E-06     2.0537E-06     2.3785E-06     5.7758E+02     5.7758E+02
    1.4200E+01     2.3011E-10     3.8114E-08     1.2972E-06     4.1466E-06     1.7902E-06     2.0733E-06     5.2704E+02     5.2704E+02
    1.4300E+01     1.2951E-10     2.2883E-08     2.6547E-07     3.5647E-06     1.5389E-06     1.7823E-06     4.7650E+02     4.7650E+02
    1.4400E+01     8.0931E-11     1.5521E-08     2.6017E-07     3.8128E-06     1.6461E-06     1.9064E-06     4.9837E+02     4.9837E+02
    1.4500E+01     5.8003E-11     1.2043E-08     3.1091E-07     4.5575E-06     1.9676E-06     2.2787E-06     5.6131E+02     5.6131E+02
    1.4600E+01     4.7177E-11     1.0393E-08     1.4542E-06     4.7272E-06     2.0408E-06     2.3636E-06     5.7516E+02     5.7516E+02
    1.4700E+01     4.1885E-11     9.5816E-09     1.2557E-06     4.0645E-06     1.7548E-06     2.0323E-06     5.2007E+02     5.2007E+02
    1.4800E+01     3.8974E-11     9.1282E-09     2.6066E-07     3.5475E-06     1.5315E-06     1.7737E-06     4.7497E+02     4.7497E+02
    1.4900E+01     3.6980E-11     8.8075E-09     2.6494E-07     3.8831E-06     1.6764E-06     1.9415E-06     5.0447E+02     5.0447E+02
    1.5000E+01     3.5351E-11     8.5393E-09     3.1663E-07     4.6185E-06     1.9939E-06     2.3092E-06     5.6631E+02     5.6631E+02
    1.5100E+01     3.3843E-11     8.2831E-09     1.4575E-06     4.6869E-06     2.0235E-06     2.3435E-06     5.7189E+02     5.7189E+02
    1.5200E+01     3.2377E-11     8.0255E-09     1.2113E-06     3.9845E-06     1.7202E-06     1.9922E-06     5.1322E+02     5.1322E+02
    1.5300E+01     3.0969E-11     7.7722E-09     2.5467E-07     3.5405E-06     1.5285E-06     1.7703E-06     4.7435E+02     4.7435E+02
    1.5400E+01     2.9572E-11     7.5110E-09     2.7005E-07     3.9584E-06     1.7089E-06     1.9792E-06     5.1097E+02     5.1097E+02
    1.5500E+01     2.8184E-11     7.2420E-09     9.7560E-07     4.6713E-06     2.0167E-06     2.3356E-06     5.7062E+02     5.7062E+02
    1.5600E+01     2.6819E-11     6.9689E-09     1.4542E-06     4.6371E-06     2.0020E-06     2.3186E-06     5.6783E+02     5.6783E+02
    1.5700E+01     2.5432E-11     6.6796E-09     1.1615E-06     3.9077E-06     1.6871E-06     1.9539E-06     5.0661E+02     5.0661E+02
    1.5800E+01     2.4036E-11     6.3778E-09     2.5030E-07     3.5440E-06     1.5300E-06     1.7720E-06     4.7466E+02     4.7466E+02
    1.5900E+01     2.2629E-11     6.0631E-09     2.7544E-07     4.0375E-06     1.7431E-06     2.0187E-06     5.1776E+02     5.1776E+02
    1.6000E+01     2.1175E-11     5.7250E-09     1.1889E-06     4.7148E-06     2.0355E-06     2.3574E-06     5.7416E+02     5.7416E+02
    1.6100E+01     1.9694E-11     5.3698E-09     1.4453E-06     4.5787E-06     1.9767E-06     2.2894E-06     5.6305E+02     5.6305E+02
    1.6200E+01     1.8178E-11     4.9952E-09     1.1050E-06     3.8356E-06     1.6559E-06     1.9178E-06     5.0036E+02     5.0036E+02
    1.6300E+01     1.6628E-11     4.6014E-09     2.4758E-07     3.5578E-06     1.5360E-06     1.7789E-06     4.7589E+02     4.7589E+02
    1.6400E+01     1.5102E-11     4.2072E-09     2.8100E-07     4.1190E-06     1.7783E-06     2.0595E-06     5.2471E+02     5.2471E+02
    1.6500E+01     1.3633E-11     3.8226E-09     1.2711E-06     4.7483E-06     2.0499E-06     2.3741E-06     5.7687E+02     5.7687E+02
    1.6600E+01     1.2220E-11     3.4478E-09     1.4310E-06     4.5129E-06     1.9483E-06     2.2564E-06     5.5764E+02     5.5764E+02
    1.6700E+01     1.0861E-11     3.0827E-09     1.0384E-06     3.7694E-06     1.6273E-06     1.8847E-06     4.9458E+02     4.9458E+02
    1.6800E+01     9.5570E-12     2.7280E-09     2.4657E-07     3.5817E-06     1.5463E-06     1.7908E-06     4.7802E+02     4.7802E+02
    1.6900E+01     8.3110E-12     2.3851E-09     2.8663E-07     4.2016E-06     1.8139E-06     2.1008E-06     5.3170E+02     5.3170E+02
    1.7000E+01     7.1282E-12     2.0559E-09     1.3285E-06     4.7709E-06     2.0597E-06     2.3855E-06     5.7870E+02     5.7870E+02
    1.7100E+01     6.0167E-12     1.7433E-09     1.4114E-06     4.4409E-06     1.9172E-06     2.2204E-06     5.5170E+02     5.5170E+02
    1.7200E+01     4.9864E-12     1.4509E-09     9.4811E-07     3.7100E-06     1.6017E-06     1.8550E-06     4.8937E+02     4.8937E+02
    1.7300E+01     4.0476E-12     1.1823E-09     2.4729E-07     3.6154E-06     1.5608E-06     1.8077E-06     4.8101E+02     4.8101E+02
    1.7400E+01     3.2098E-12     9.4089E-10     2.9223E-07     4.2837E-06     1.8494E-06     2.1419E-06     5.3860E+02     5.3860E+02
    1.7500E+01     2.4802E-12     7.2928E-10     1.3724E-06     4.7824E-06     2.0647E-06     2.3912E-06     5.7963E+02     5.7963E+02
    1.7600E+01     1.8631E-12     5.4931E-10     1.3866E-06     4.3640E-06     1.8841E-06     2.1820E-06     5.4531E+02     5.4531E+02
    1.7700E+01     1.3579E-12     4.0131E-10     6.8434E-07     3.6584E-06     1.5794E-06     1.8292E-06     4.8482E+02     4.8482E+02
    1.7800E+01     9.5891E-13     2.8398E-10     2.4970E-07     3.6583E-06     1.5794E-06     1.8292E-06     4.8482E+02     4.8482E+02
    1.7900E+01     6.5578E-13     1.9456E-10     2.9770E-07     4.3640E-06     1.8840E-06     2.1820E-06     5.4531E+02     5.4531E+02
    1.8000E+01     4.3440E-13     1.2910E-10     1.4060E-06     4.7824E-06     2.0647E-06     2.3912E-06     5.7963E+02     5.7963E+02
    1.8100E+01     2.7899E-13     8.3038E-11     1.3570E-06     4.2838E-06     1.8494E-06     2.1419E-06     5.3861E+02     5.3861E+02
    1.8200E+01     1.7380E-13     5.1810E-11     2.6969E-07     3.6154E-06     1.5609E-06     1.8077E-06     4.8102E+02     4.8102E+02
    1.8300E+01     1.0481E-13     3.1295E-11     2.5319E-07     3.7099E-06     1.6017E-06     1.8550E-06     4.8936E+02     4.8936E+02
    1.8400E+01     6.0811E-14     1.8188E-11     3.0295E-07     4.4408E-06     1.9172E-06     2.2204E-06     5.5169E+02     5.5169E+02
    1.8500E+01     3.3531E-14     1.0047E-11     1.4307E-06     4.7710E-06     2.0597E-06     2.3855E-06     5.7871E+02     5.7871E+02
    1.8600E+01     1.7204E-14     5.1636E-12     1.3227E-06     4.2017E-06     1.8140E-06     2.1008E-06     5.3170E+02     5.3170E+02
    1.8700E+01     7.9382E-15     2.3864E-12     2.6790E-07     3.5817E-06     1.5463E-06     1.7909E-06     4.7802E+02     4.7802E+02
    1.8800E+01     3.0990E-15     9.3265E-13     2.5722E-07     3.7693E-06     1.6273E-06     1.8846E-06     4.9457E+02     4.9457E+02
    1.8900E+01     8.9771E-16     2.7028E-13     3.0786E-07     4.5128E-06     1.9483E-06     2.2564E-06     5.5764E+02     5.5764E+02
    1.9000E+01     1.5223E-16     4.5837E-14     1.4474E-06     4.7483E-06     2.0500E-06     2.3741E-06     5.7687E+02     5.7687E+02
    1.9100E+01     1.0926E-17     3.2895E-15     1.2838E-06     4.1191E-06     1.7783E-06     2.0596E-06     5.2471E+02     5.2471E+02
    1.9200E+01     2.3488E-19     6.9634E-17     2.6406E-07     3.5578E-06     1.5360E-06     1.7789E-06     4.7589E+02     4.7589E+02
    1.9300E+01     1.1129E-20     3.1439E-19     2.6172E-07     3.8356E-06     1.6559E-06     1.9178E-06     5.0035E+02     5.0035E+02
    1.9400E+01     2.2009E-20     1.1282E-20     3.1235E-07     4.5787E-06     1.9767E-06     2.2893E-06     5.6305E+02     5.6305E+02
    1.9500E+01     4.0601E-20     2.3297E-20     1.4561E-06     4.7149E-06     2.0355E-06     2.3574E-06     5.7416E+02     5.7416E+02
    1.9600E+01     6.7473E-20     4.4196E-20     1.2414E-06     4.0376E-06     1.7431E-06     2.0188E-06     5.1777E+02     5.1777E+02
    1.9700E+01     1.0263E-19     7.6941E-20     2.5849E-07     3.5440E-06     1.5300E-06     1.7720E-06     4.7466E+02     4.7466E+02
    1.9800E+01     1.4292E-19     1.2271E-19     2.6661E-07     3.9077E-06     1.6870E-06     1.9538E-06     5.0660E+02     5.0660E+02
    1.9900E+01     1.8478E-19     1.8162E-19     3.6911E-07     4.6370E-06     2.0019E-06     2.3185E-06     5.6783E+02     5.6783E+02
    2.0000E+01     2.2699E-19     2.5396E-19     1.4571E-06     4.6713E-06     2.0167E-06     2.3357E-06     5.7062E+02     5.7062E+02
    2.0100E+01     2.7221E-19     3.4407E-19     1.1953E-06     3.9585E-06     1.7090E-06     1.9792E-06     5.1098E+02     5.1098E+02
    2.0200E+01     3.2027E-19     4.5274E-19     2.5303E-07     3.5405E-06     1.5285E-06     1.7703E-06     4.7435E+02     4.7435E+02
    2.0300E+01     3.6744E-19     5.7569E-19     2.7182E-07     3.9844E-06     1.7201E-06     1.9922E-06     5.1321E+02     5.1321E+02
    2.0400E+01     4.1249E-19     7.1167E-19     1.0886E-06     4.6869E-06     2.0234E-06     2.3434E-06     5.7189E+02     5.7189E+02
    2.0500E+01     4.5367E-19     8.5138E-19     1.4518E-06     4.6186E-06     1.9939E-06     2.3093E-06     5.6632E+02     5.6632E+02
    2.0600E+01     4.9133E-19     9.9017E-19     1.1435E-06     3.8831E-06     1.6764E-06     1.9416E-06     5.0448E+02     5.0448E+02
    2.0700E+01     5.2424E-19     1.1208E-18     2.4921E-07     3.5474E-06     1.5315E-06     1.7737E-06     4.7497E+02     4.7497E+02
    2.0800E+01     5.5014E-19     1.2367E-18     2.7728E-07     4.0644E-06     1.7547E-06     2.0322E-06     5.2006E+02     5.2006E+02
    2.0900E+01     5.6901E-19     1.3423E-18     1.2208E-06     4.7271E-06     2.0408E-06     2.3636E-06     5.7516E+02     5.7516E+02
    2.1000E+01     5.8773E-19     1.4637E-18     1.4412E-06     4.5576E-06     1.9676E-06     2.2788E-06     5.6132E+02     5.6132E+02
    2.1100E+01     6.1440E-19     1.6360E-18     1.0842E-06     3.8129E-06     1.6461E-06     1.9064E-06     4.9837E+02     4.9837E+02
    2.1200E+01     6.4525E-19     1.8442E-18     2.4705E-07     3.5646E-06     1.5389E-06     1.7823E-06     4.7650E+02     4.7650E+02
    2.1300E+01     6.7229E-19     2.0536E-18     2.8287E-07     4.1465E-06     1.7901E-06     2.0732E-06     5.2704E+02     5.2704E+02
    2.1400E+01     6.9098E-19     2.2428E-18     1.2921E-06     4.7570E-06     2.0537E-06     2.3785E-06     5.7758E+02     5.7758E+02
    2.1500E+01     7.0177E-19     2.4055E-18     1.4251E-06     4.4895E-06     1.9382E-06     2.2448E-06     5.5572E+02     5.5572E+02
    2.1600E+01     7.1525E-19     2.6122E-18     1.0125E-06     3.7488E-06     1.6184E-06     1.8744E-06     4.9277E+02     4.9277E+02
    2.1700E+01     7.3508E-19     2.8811E-18     2.4662E-07     3.5919E-06     1.5507E-06     1.7959E-06     4.7892E+02     4.7892E+02
    2.1800E+01     7.5758E-19     3.1818E-18     2.8850E-07     4.2291E-06     1.8258E-06     2.1145E-06     5.3401E+02     5.3401E+02
    2.1900E+01     7.8084E-19     3.4839E-18     1.3444E-06     4.7760E-06     2.0619E-06     2.3880E-06     5.7911E+02     5.7911E+02
    2.2000E+01     7.9880E-19     3.7294E-18     1.4037E-06     4.4158E-06     1.9064E-06     2.2079E-06     5.4961E+02     5.4961E+02
    2.2100E+01     8.1571E-19     3.9669E-18     9.0057E-07     3.6919E-06     1.5939E-06     1.8459E-06     4.8777E+02     4.8777E+02
    2.2200E+01     8.3613E-19     4.2678E-18     2.4791E-07     3.6287E-06     1.5666E-06     1.8143E-06     4.8219E+02     4.8219E+02
    2.2300E+01     8.6038E-19     4.6407E-18     2.9407E-07     4.3108E-06     1.8611E-06     2.1554E-06     5.4087E+02     5.4087E+02
    2.2400E+01     8.8652E-19     5.0612E-18     1.3846E-06     4.7837E-06     2.0652E-06     2.3918E-06     5.7973E+02     5.7973E+02
    2.2500E+01     9.1433E-19     5.4695E-18     1.3773E-06     4.3376E-06     1.8727E-06     2.1688E-06     5.4311E+02     5.4311E+02
    2.2600E+01     9.3907E-19     5.8178E-18     2.9236E-07     3.6431E-06     1.5728E-06     1.8215E-06     4.8347E+02     4.8347E+02
    2.2700E+01     9.6161E-19     6.1723E-18     2.5080E-07     3.6746E-06     1.5864E-06     1.8373E-06     4.8625E+02     4.8625E+02
    2.2800E+01     9.8571E-19     6.6127E-18     2.9948E-07     4.3900E-06     1.8953E-06     2.1950E-06     5.4748E+02     5.4748E+02
    2.2900E+01     1.0118E-18     7.1508E-18     1.4151E-06     4.7799E-06     2.0636E-06     2.3899E-06     5.7942E+02     5.7942E+02
    2.3000E+01     1.0373E-18     7.7379E-18     1.3461E-06     4.2566E-06     1.8377E-06     2.1283E-06     5.3633E+02     5.3633E+02
    2.3100E+01     1.0507E-18     8.2237E-18     2.6949E-07     3.6031E-06     1.5556E-06     1.8016E-06     4.7993E+02     4.7993E+02
    2.3200E+01     1.0548E-18     8.6274E-18     2.5447E-07     3.7289E-06     1.6098E-06     1.8644E-06     4.9103E+02     4.9103E+02
    2.3300E+01     1.0592E-18     9.0802E-18     3.0463E-07     4.4654E-06     1.9278E-06     2.2327E-06     5.5373E+02     5.5373E+02
    2.3400E+01     1.0724E-18     9.6804E-18     1.4371E-06     4.7647E-06     2.0570E-06     2.3823E-06     5.7820E+02     5.7820E+02
    2.3500E+01     1.0914E-18     1.0387E-17     1.3102E-06     4.1742E-06     1.8021E-06     2.0871E-06     5.2938E+02     5.2938E+02
    2.3600E+01     1.1072E-18     1.1030E-17     2.6676E-07     3.5727E-06     1.5424E-06     1.7863E-06     4.7722E+02     4.7722E+02
    2.3700E+01     1.1200E-18     1.1562E-17     2.5867E-07     3.7907E-06     1.6365E-06     1.8953E-06     4.9644E+02     4.9644E+02
    2.3800E+01     1.1316E-18     1.2071E-17     3.0941E-07     4.5355E-06     1.9581E-06     2.2678E-06     5.5951E+02     5.5951E+02
    2.3900E+01     1.1512E-18     1.2702E-17     1.4512E-06     4.7384E-06     2.0457E-06     2.3692E-06     5.7607E+02     5.7607E+02
    2.4000E+01     1.1811E-18     1.3489E-17     1.2699E-06     4.0918E-06     1.7665E-06     2.0459E-06     5.2239E+02     5.2239E+02
    2.4100E+01     1.2178E-18     1.4334E-17     2.6251E-07     3.5521E-06     1.5335E-06     1.7761E-06     4.7539E+02     4.7539E+02
    2.4200E+01     1.2550E-18     1.5147E-17     2.6331E-07     3.8591E-06     1.6661E-06     1.9295E-06     5.0239E+02     5.0239E+02
    2.4300E+01     1.2933E-18     1.5929E-17     3.1379E-07     4.5991E-06     1.9855E-06     2.2996E-06     5.6472E+02     5.6472E+02
    2.4400E+01     1.3305E-18     1.6672E-17     1.4572E-06     4.7016E-06     2.0298E-06     2.3508E-06     5.7308E+02     5.7308E+02
    2.4500E+01     1.3676E-18     1.7508E-17     1.2267E-06     4.0110E-06     1.7317E-06     2.0055E-06     5.1549E+02     5.1549E+02
    2.4600E+01     1.4042E-18     1.8452E-17     2.5650E-07     3.5419E-06     1.5291E-06     1.7709E-06     4.7447E+02     4.7447E+02
    2.4700E+01     1.4421E-18     1.9506E-17     2.6833E-07     3.9330E-06     1.6980E-06     1.9665E-06     5.0879E+02     5.0879E+02
    2.4800E+01     1.4809E-18     2.0584E-17     8.3513E-07     4.6549E-06     2.0096E-06     2.3275E-06     5.6928E+02     5.6928E+02
    2.4900E+01     1.5077E-18     2.1412E-17     1.4560E-06     4.6550E-06     2.0097E-06     2.3275E-06     5.6929E+02     5.6929E+02
    2.5000E+01     1.5231E-18     2.2189E-17     1.1788E-06     3.9332E-06     1.6981E-06     1.9666E-06     5.0881E+02     5.0881E+02
    2.5100E+01     1.5421E-18     2.3214E-17     2.5160E-07     3.5421E-06     1.5292E-06     1.7710E-06     4.7449E+02     4.7449E+02
    2.5200E+01     1.5694E-18     2.4558E-17     2.7365E-07     4.0113E-06     1.7318E-06     2.0056E-06     5.1552E+02     5.1552E+02
    2.5300E+01     1.5970E-18     2.5975E-17     1.1481E-06     4.7020E-06     2.0300E-06     2.3510E-06     5.7312E+02     5.7312E+02
    2.5400E+01     1.6097E-18     2.6961E-17     1.4490E-06     4.5999E-06     1.9859E-06     2.2999E-06     5.6479E+02     5.6479E+02
    2.5500E+01     1.6030E-18     2.7607E-17     1.1248E-06     3.8600E-06     1.6665E-06     1.9300E-06     5.0247E+02     5.0247E+02
    2.5600E+01     1.5987E-18     2.8512E-17     2.4837E-07     3.5531E-06     1.5339E-06     1.7765E-06     4.7547E+02     4.7547E+02
    2.5700E+01     1.6120E-18     2.9908E-17     2.7922E-07     4.0929E-06     1.7670E-06     2.0465E-06     5.2249E+02     5.2249E+02
    2.5800E+01     1.6387E-18     3.1530E-17     1.2478E-06     4.7399E-06     2.0463E-06     2.3700E-06     5.7619E+02     5.7619E+02
    2.5900E+01     1.6618E-18     3.2771E-17     1.4368E-06     4.5376E-06     1.9590E-06     2.2688E-06     5.5968E+02     5.5968E+02
    2.6000E+01     1.6705E-18     3.3526E-17     1.0624E-06     3.7930E-06     1.6375E-06     1.8965E-06     4.9664E+02     4.9664E+02
    2.6100E+01     1.6794E-18     3.4496E-17     2.4688E-07     3.5752E-06     1.5435E-06     1.7876E-06     4.7744E+02     4.7744E+02
    2.6200E+01     1.6930E-18     3.6007E-17     2.8497E-07     4.1773E-06     1.8035E-06     2.0887E-06     5.2965E+02     5.2965E+02
    2.6300E+01     1.7108E-18     3.7804E-17     1.3117E-06     4.7688E-06     2.0588E-06     2.3844E-06     5.7853E+02     5.7853E+02
    2.6400E+01     1.7274E-18     3.9314E-17     1.4195E-06     4.4704E-06     1.9300E-06     2.2352E-06     5.5414E+02     5.5414E+02
    2.6500E+01     1.7359E-18     4.0250E-17     9.8344E-07     3.7345E-06     1.6123E-06     1.8673E-06     4.9152E+02     4.9152E+02
    2.6600E+01     1.7539E-18     4.1327E-17     2.4728E-07     3.6097E-06     1.5584E-06     1.8048E-06     4.8051E+02     4.8051E+02
    2.6700E+01     1.7868E-18     4.3021E-17     2.9094E-07     4.2649E-06     1.8412E-06     2.1324E-06     5.3702E+02     5.3702E+02
    2.6800E+01     1.8215E-18     4.5054E-17     1.3606E-06     4.7903E-06     2.0681E-06     2.3952E-06     5.8027E+02     5.8027E+02
    2.6900E+01     1.8449E-18     4.6874E-17     1.3979E-06     4.4024E-06     1.9006E-06     2.2012E-06     5.4850E+02     5.4850E+02
    2.7000E+01     1.8607E-18     4.8252E-17     8.0536E-07     3.6886E-06     1.5924E-06     1.8443E-06     4.8748E+02     4.8748E+02
    2.7100E+01     1.8824E-18     4.9651E-17     2.4984E-07     3.6597E-06     1.5800E-06     1.8298E-06     4.8493E+02     4.8493E+02
    2.7200E+01     1.9090E-18     5.1501E-17     2.9735E-07     4.3587E-06     1.8818E-06     2.1794E-06     5.4487E+02     5.4487E+02
    2.7300E+01     1.9324E-18     5.3641E-17     1.4001E-06     4.8100E-06     2.0766E-06     2.4050E-06     5.8186E+02     5.8186E+02
    2.7400E+01     1.9458E-18     5.5625E-17     1.3734E-06     4.3415E-06     1.8743E-06     2.1707E-06     5.4343E+02     5.4343E+02
    2.7500E+01     1.9602E-18     5.7296E-17     2.7188E-07     3.6635E-06     1.5816E-06     1.8318E-06     4.8527E+02     4.8527E+02
    2.7600E+01     1.9845E-18     5.8877E-17     2.5482E-07     3.7338E-06     1.6120E-06     1.8669E-06     4.9146E+02     4.9146E+02
    2.7700E+01     2.0126E-18     6.0708E-17     3.0489E-07     4.4693E-06     1.9295E-06     2.2346E-06     5.5405E+02     5.5405E+02
    2.7800E+01     2.0382E-18     6.2780E-17     1.4348E-06     4.8423E-06     2.0905E-06     2.4211E-06     5.8446E+02     5.8446E+02
    2.7900E+01     2.0586E-18     6.4807E-17     1.3492E-06     4.3057E-06     1.8589E-06     2.1529E-06     5.4044E+02     5.4044E+02
    2.8000E+01     2.0889E-18     6.6769E-17     2.7410E-07     3.6791E-06     1.5884E-06     1.8395E-06     4.8665E+02     4.8665E+02
    2.8100E+01     2.1297E-18     6.8716E-17     2.6306E-07     3.8551E-06     1.6643E-06     1.9275E-06     5.0204E+02     5.0204E+02
    2.8200E+01     2.1743E-18     7.0839E-17     3.1553E-07     4.6253E-06     1.9968E-06     2.3126E-06     5.6687E+02     5.6687E+02
    2.8300E+01     2.2114E-18     7.3093E-17     1.4725E-06     4.9238E-06     2.1257E-06     2.4619E-06     5.9100E+02     5.9100E+02
    2.8400E+01     2.2398E-18     7.5336E-17     1.3323E-06     4.3384E-06     1.8730E-06     2.1692E-06     5.4317E+02     5.4317E+02
    2.8500E+01     2.2637E-18     7.7459E-17     2.7811E-07     3.7844E-06     1.6338E-06     1.8922E-06     4.9589E+02     4.9589E+02
    2.8600E+01     2.2850E-18     7.9416E-17     2.7861E-07     4.0833E-06     1.7629E-06     2.0417E-06     5.2167E+02     5.2167E+02
    2.8700E+01     2.3077E-18     8.1345E-17     3.3447E-07     4.9029E-06     2.1167E-06     2.4515E-06     5.8933E+02     5.8933E+02
    2.8800E+01     2.3338E-18     8.3170E-17     1.5306E-06     5.1485E-06     2.2227E-06     2.5742E-06     6.0885E+02     6.0885E+02
    2.8900E+01     2.3550E-18     8.4826E-17     1.3379E-06     4.5485E-06     1.9637E-06     2.2742E-06     5.6057E+02     5.6057E+02
    2.9000E+01     2.3725E-18     8.6525E-17     2.9213E-07     4.1067E-06     1.7729E-06     2.0533E-06     5.2366E+02     5.2366E+02
    2.9100E+01     2.3805E-18     8.8103E-17     3.1232E-07     4.5781E-06     1.9765E-06     2.2890E-06     5.6300E+02     5.6300E+02
    2.9200E+01     2.3801E-18     8.9576E-17     3.7558E-07     5.5055E-06     2.3769E-06     2.7527E-06     6.3668E+02     6.3668E+02
    2.9300E+01     2.3797E-18     9.1112E-17     1.6481E-06     5.7645E-06     2.4887E-06     2.8822E-06     6.5649E+02     6.5649E+02
    2.9400E+01     2.3847E-18     9.2919E-17     1.3810E-06     5.2258E-06     2.2561E-06     2.6129E-06     6.1492E+02     6.1492E+02
    2.9500E+01     2.3903E-18     9.5072E-17     3.4277E-07     4.9942E-06     2.1561E-06     2.4971E-06     5.9662E+02     5.9662E+02
    2.9600E+01     2.3893E-18     9.7497E-17     3.9457E-07     5.7839E-06     2.4970E-06     2.8920E-06     6.5796E+02     6.5796E+02
    2.9700E+01     2.3822E-18     1.0020E-16     4.7763E-07     7.0015E-06     3.0227E-06     3.5007E-06     7.4733E+02     7.4733E+02
    2.9800E+01     2.3769E-18     1.0315E-16     1.8795E-06     7.4696E-06     3.2248E-06     3.7348E-06     7.8028E+02     7.8028E+02
    2.9900E+01     2.3793E-18     1.0608E-16     4.9621E-07     7.2089E-06     3.1122E-06     3.6044E-06     7.6202E+02     7.6202E+02
    3.0000E+01     2.3942E-18     1.0901E-16     5.1097E-07     7.4902E-06     3.2337E-06     3.7451E-06     7.8171E+02     7.8171E+02
    3.0100E+01     2.4156E-18     1.1211E-16     6.1750E-07     9.0517E-06     3.9078E-06     4.5259E-06     8.8690E+02     8.8690E+02
    3.0200E+01     2.4307E-18     1.1570E-16     7.5929E-07     1.1130E-05     4.8052E-06     5.5651E-06     1.0179E+03     1.0179E+03
    3.0300E+01     2.4348E-18     1.1951E-16     8.4896E-07     1.2445E-05     5.3727E-06     6.2223E-06     1.0966E+03     1.0966E+03
    3.0400E+01     2.4384E-18     1.2270E-16     9.0197E-07     1.3222E-05     5.7081E-06     6.6109E-06     1.1418E+03     1.1418E+03
    3.0500E+01     2.4508E-18     1.2533E-16     1.0295E-06     1.5091E-05     6.5152E-06     7.5455E-06     1.2470E+03     1.2470E+03
    3.0600E+01     2.4653E-18     1.2749E-16     1.2932E-06     1.8956E-05     8.1839E-06     9.4782E-06     1.4517E+03     1.4517E+03
    3.0700E+01     2.4733E-18     1.2959E-16     1.6262E-06     2.3838E-05     1.0292E-05     1.1919E-05     1.6914E+03     1.6914E+03
    3.0800E+01     2.4705E-18     1.3198E-16     1.9324E-06     2.8327E-05     1.2229E-05     1.4163E-05     1.8975E+03     1.8975E+03
    3.0900E+01     2.4632E-18     1.3422E-16     2.2585E-06     3.3107E-05     1.4293E-05     1.6553E-05     2.1054E+03     2.1054E+03
    3.1000E+01     2.4562E-18     1.3590E-16     2.7738E-06     4.0660E-05     1.7554E-05     2.0330E-05     2.4145E+03     2.4145E+03
    3.1100E+01     2.4444E-18     1.3692E-16     3.5754E-06     5.2411E-05     2.2627E-05     2.6205E-05     2.8598E+03     2.8598E+03
    3.1200E+01     2.4327E-18     1.3787E-16     4.5891E-06     6.7271E-05     2.9042E-05     3.3635E-05     3.3776E+03     3.3776E+03
    3.1300E+01     2.4253E-18     1.3975E-16     5.7303E-06     8.3999E-05     3.6264E-05     4.1999E-05     3.9165E+03     3.9165E+03
    3.1400E+01     2.4096E-18     1.4178E-16     7.1389E-06     1.0465E-04     4.5179E-05     5.2324E-05     4.5346E+03     4.5346E+03
    3.1500E+01     2.3822E-18     1.4282E-16     9.1338E-06     1.3389E-04     5.7803E-05     6.6945E-05     5.3442E+03     5.3442E+03
    3.1600E+01     2.3421E-18     1.4266E-16     1.1929E-05     1.7486E-04     7.5490E-05     8.7429E-05     6.3852E+03     6.3852E+03
    3.1700E+01     2.3051E-18     1.4220E-16     1.5516E-05     2.2744E-04     9.8191E-05     1.1372E-04     7.6085E+03     7.6085E+03
    3.1800E+01     2.2858E-18     1.4302E-16     1.9946E-05     2.9239E-04     1.2623E-04     1.4619E-04     8.9955E+03     8.9955E+03
    3.1900E+01     2.2648E-18     1.4448E-16     2.5672E-05     3.7632E-04     1.6247E-04     1.8816E-04     1.0644E+04     1.0644E+04
    3.2000E+01     2.2354E-18     1.4511E-16     3.3452E-05     4.9037E-04     2.1170E-04     2.4518E-04     1.2698E+04     1.2698E+04
    3.2100E+01     2.1982E-18     1.4473E-16     4.3933E-05     6.4400E-04     2.7803E-04     3.2200E-04     1.5228E+04     1.5228E+04
    3.2200E+01     2.1672E-18     1.4394E-16     5.7551E-05     8.4363E-04     3.6421E-04     4.2181E-04     1.8231E+04     1.8231E+04
    3.2300E+01     2.1552E-18     1.4410E-16     7.5042E-05     1.1000E-03     4.7490E-04     5.5001E-04     2.1760E+04     2.1760E+04
    3.2400E+01     2.1431E-18     1.4492E-16     9.7975E-05     1.4362E-03     6.2004E-04     7.1809E-04     2.5993E+04     2.5993E+04
    3.2500E+01     2.1133E-18     1.4482E-16     1.2860E-04     1.8851E-03     8.1383E-04     9.4253E-04     3.1161E+04     3.1161E+04
    3.2600E+01     2.0760E-18     1.4406E-16     1.6926E-04     2.4812E-03     1.0712E-03     1.2406E-03     3.7425E+04     3.7425E+04
    3.2700E+01     2.0416E-18     1.4312E-16     2.2249E-04     3.2614E-03     1.4080E-03     1.6307E-03     4.4908E+04     4.4908E+04
    3.2800E+01     2.0250E-18     1.4298E-16     2.9194E-04     4.2795E-03     1.8476E-03     2.1398E-03     5.3825E+04     5.3825E+04
    3.2900E+01     2.0108E-18     1.4329E-16     3.8339E-04     5.6201E-03     2.4263E-03     2.8100E-03     6.4548E+04     6.4548E+04
    3.3000E+01     1.9783E-18     1.4263E-16     5.0459E-04     7.3967E-03     3.1933E-03     3.6984E-03     7.7520E+04     7.7520E+04
    3.3100E+01     1.9397E-18     1.4167E-16     6.6474E-04     9.7443E-03     4.2068E-03     4.8722E-03     9.3158E+04     9.3158E+04
    3.3200E+01     1.9100E-18     1.4114E-16     8.7515E-04     1.2829E-02     5.5384E-03     6.4143E-03     1.1190E+05     1.1190E+05
    3.3300E+01     1.8927E-18     1.4142E-16     1.1514E-03     1.6878E-02     7.2868E-03     8.4392E-03     1.3436E+05     1.3436E+05
    3.3400E+01     1.8752E-18     1.4173E-16     1.5156E-03     2.2217E-02     9.5914E-03     1.1108E-02     1.6138E+05     1.6138E+05
    3.3500E+01     1.8469E-18     1.4118E-16     1.9967E-03     2.9269E-02     1.2636E-02     1.4634E-02     1.9394E+05     1.9394E+05
    3.3600E+01     1.8100E-18     1.4027E-16     2.6313E-03     3.8572E-02     1.6652E-02     1.9286E-02     2.3311E+05     2.3311E+05
    3.3700E+01     1.7736E-18     1.3965E-16     3.4666E-03     5.0816E-02     2.1939E-02     2.5408E-02     2.8015E+05     2.8015E+05
    3.3800E+01     1.7402E-18     1.3952E-16     4.5661E-03     6.6933E-02     2.8896E-02     3.3466E-02     3.3662E+05     3.3662E+05
    3.3900E+01     1.7015E-18     1.3874E-16     6.0155E-03     8.8180E-02     3.8069E-02     4.4090E-02     4.0455E+05     4.0455E+05
    3.4000E+01     1.6524E-18     1.3681E-16     7.9279E-03     1.1621E-01     5.0172E-02     5.8107E-02     4.8629E+05     4.8629E+05
    3.4100E+01     1.6039E-18     1.3491E-16     1.0449E-02     1.5317E-01     6.6128E-02     7.6586E-02     5.8458E+05     5.8458E+05
    3.4200E+01     1.5511E-18     1.3256E-16     1.3771E-02     2.0186E-01     8.7147E-02     1.0093E-01     7.0267E+05     7.0267E+05
    3.4300E+01     1.4958E-18     1.2990E-16     1.8146E-02     2.6600E-01     1.1484E-01     1.3300E-01     8.4459E+05     8.4459E+05
    3.4400E+01     1.4356E-18     1.2631E-16     2.3915E-02     3.5056E-01     1.5135E-01     1.7528E-01     1.0152E+06     1.0152E+06
    3.4500E+01     1.3734E-18     1.2220E-16     3.1522E-02     4.6207E-01     1.9949E-01     2.3103E-01     1.2205E+06     1.2205E+06
    3.4600E+01     1.3075E-18     1.1756E-16     4.1549E-02     6.0905E-01     2.6294E-01     3.0453E-01     1.4672E+06     1.4672E+06
    3.4700E+01     1.2374E-18     1.1235E-16     5.4763E-02     8.0275E-01     3.4657E-01     4.0138E-01     1.7638E+06     1.7638E+06
    3.4800E+01     1.1645E-18     1.0676E-16     7.2178E-02     1.0580E+00     4.5678E-01     5.2902E-01     2.1202E+06     2.1202E+06
    3.4900E+01     1.0880E-18     1.0042E-16     9.5135E-02     1.3946E+00     6.0206E-01     6.9728E-01     2.5489E+06     2.5489E+06
    3.5000E+01     1.0100E-18     9.3827E-17     1.2540E-01     1.8382E+00     7.9360E-01     9.1911E-01     3.0642E+06     3.0642E+06
    3.5100E+01     9.2656E-19     8.6642E-17     1.6530E-01     2.4230E+00     1.0461E+00     1.2115E+00     3.6838E+06     3.6838E+06
    3.5200E+01     8.3599E-19     7.8995E-17     2.1788E-01     3.1938E+00     1.3788E+00     1.5969E+00     4.4285E+06     4.4285E+06
    3.5300E+01     7.4033E-19     7.1310E-17     2.8719E-01     4.2098E+00     1.8175E+00     2.1049E+00     5.3239E+06     5.3239E+06
    3.5400E+01     6.4424E-19     6.3791E-17     3.7855E-01     5.5490E+00     2.3957E+00     2.7745E+00     6.4003E+06     6.4003E+06
    3.5500E+01     5.5398E-19     5.6410E-17     4.9899E-01     7.3145E+00     3.1578E+00     3.6572E+00     7.6944E+06     7.6944E+06
    3.5600E+01     4.7602E-19     4.9270E-17     6.5774E-01     9.6417E+00     4.1625E+00     4.8208E+00     9.2503E+06     9.2503E+06
    3.5700E+01     4.0939E-19     4.2229E-17     8.6700E-01     1.2709E+01     5.4868E+00     6.3545E+00     1.1121E+07     1.1121E+07
    3.5800E+01     3.4474E-19     3.5106E-17     1.1428E+00     1.6752E+01     7.2324E+00     8.3762E+00     1.3369E+07     1.3369E+07
    3.5900E+01     2.7737E-19     2.8151E-17     1.5064E+00     2.2082E+01     9.5334E+00     1.1041E+01     1.6072E+07     1.6072E+07
    3.6000E+01     2.0138E-19     2.1923E-17     1.9857E+00     2.9108E+01     1.2567E+01     1.4554E+01     1.9322E+07     1.9322E+07
    3.6100E+01     1.3196E-19     1.6828E-17     2.6175E+00     3.8369E+01     1.6565E+01     1.9185E+01     2.3230E+07     2.3230E+07
    3.6200E+01     7.6152E-20     1.2628E-17     3.4503E+00     5.0577E+01     2.1835E+01     2.5288E+01     2.7927E+07     2.7927E+07
    3.6300E+01     2.3334E-20     8.7793E-18     4.5480E+00     6.6668E+01     2.8782E+01     3.3334E+01     3.3574E+07     3.3574E+07
    3.6400E+01     0.0000E+00     5.2512E-18     5.9950E+00     8.7879E+01     3.7939E+01     4.3940E+01     4.0362E+07     4.0362E+07
    3.6500E+01     0.0000E+00     2.4562E-18     7.9024E+00     1.1584E+02     5.0011E+01     5.7920E+01     4.8524E+07     4.8524E+07
    3.6600E+01     0.0000E+00     7.8704E-19     1.0417E+01     1.5270E+02     6.5922E+01     7.6348E+01     5.8336E+07     5.8336E+07
    3.6700E+01     0.0000E+00     1.3798E-19     1.3731E+01     2.0128E+02     8.6896E+01     1.0064E+02     7.0132E+07     7.0132E+07
    3.6800E+01     0.0000E+00     0.0000E+00     1.8100E+01     2.6532E+02     1.1454E+02     1.3266E+02     8.4314E+07     8.4314E+07
    3.6900E+01     0.0000E+00     0.0000E+00     2.3858E+01     3.4973E+02     1.5099E+02     1.7487E+02     1.0136E+08     1.0136E+08
    3.7000E+01     0.0000E+00     0.0000E+00     3.1449E+01     4.6101E+02     1.9903E+02     2.3050E+02     1.2186E+08     1.2186E+08
    3.7100E+01     0.0000E+00     6.9431E-21     4.1455E+01     6.0768E+02     2.6235E+02     3.0384E+02     1.4650E+08     1.4650E+08
    3.7200E+01     0.0000E+00     0.0000E+00     5.4645E+01     8.0103E+02     3.4582E+02     4.0051E+02     1.7612E+08     1.7612E+08
    3.7300E+01     0.0000E+00     0.0000E+00     7.2031E+01     1.0559E+03     4.5585E+02     5.2794E+02     2.1174E+08     2.1174E+08
    3.7400E+01     0.0000E+00     0.0000E+00     9.4949E+01     1.3918E+03     6.0089E+02     6.9592E+02     2.5455E+08     2.5455E+08
    3.7500E+01     0.0000E+00     0.0000E+00     1.2516E+02     1.8347E+03     7.9207E+02     9.1734E+02     3.0603E+08     3.0603E+08
    3.7600E+01     0.0000E+00     4.0000E-20     1.6498E+02     2.4184E+03     1.0441E+03     1.2092E+03     3.6791E+08     3.6791E+08
    3.7700E+01     2.0398E-19     1.2117E-19     2.1747E+02     3.1879E+03     1.3763E+03     1.5939E+03     4.4230E+08     4.4230E+08
    3.7800E+01     0.0000E+00     0.0000E+00     2.8666E+02     4.2021E+03     1.8142E+03     2.1011E+03     5.3174E+08     5.3174E+08
    3.7900E+01     0.0000E+00     3.9879E-19     3.7787E+02     5.5391E+03     2.3914E+03     2.7696E+03     6.3927E+08     6.3927E+08
    3.8000E+01     0.0000E+00     0.0000E+00     4.9810E+02     7.3015E+03     3.1522E+03     3.6507E+03     7.6853E+08     7.6853E+08
    3.8100E+01     0.0000E+00     1.4431E-19     6.5658E+02     9.6246E+03     4.1552E+03     4.8123E+03     9.2394E+08     9.2394E+08
    3.8200E+01     5.0742E-20     0.0000E+00     8.6548E+02     1.2687E+04     5.4772E+03     6.3434E+03     1.1108E+09     1.1108E+09
    3.8300E+01     0.0000E+00     0.0000E+00     1.1408E+03     1.6723E+04     7.2199E+03     8.3617E+03     1.3354E+09     1.3354E+09
    3.8400E+01     0.0000E+00     0.0000E+00     1.5038E+03     2.2044E+04     9.5170E+03     1.1022E+04     1.6054E+09     1.6054E+09
    3.8500E+01     0.0000E+00     0.0000E+00     1.9823E+03     2.9058E+04     1.2545E+04     1.4529E+04     1.9300E+09     1.9300E+09
    3.8600E+01     0.0000E+00     0.0000E+00     2.6130E+03     3.8303E+04     1.6536E+04     1.9152E+04     2.3203E+09     2.3203E+09
    3.8700E+01     0.0000E+00     0.0000E+00     3.4444E+03     5.0490E+04     2.1798E+04     2.5245E+04     2.7895E+09     2.7895E+09
    3.8800E+01     0.0000E+00     0.0000E+00     4.5403E+03     6.6555E+04     2.8733E+04     3.3277E+04     3.3536E+09     3.3536E+09
    3.8900E+01     0.0000E+00     0.0000E+00     5.9848E+03     8.7730E+04     3.7875E+04     4.3865E+04     4.0317E+09     4.0317E+09
    3.9000E+01     0.0000E+00     0.0000E+00     7.8890E+03     1.1564E+05     4.9926E+04     5.7822E+04     4.8469E+09     4.8469E+09
    3.9100E+01     0.0000E+00     0.0000E+00     1.0399E+04     1.5244E+05     6.5811E+04     7.6219E+04     5.8270E+09     5.8270E+09
    3.9200E+01     0.0000E+00     0.0000E+00     1.3708E+04     2.0094E+05     8.6750E+04     1.0047E+05     7.0053E+09     7.0053E+09
    3.9300E+01     0.0000E+00     0.0000E+00     1.8069E+04     2.6487E+05     1.1435E+05     1.3243E+05     8.4219E+09     8.4219E+09
    3.9400E+01     0.0000E+00     0.0000E+00     1.5073E+05     3.4914E+05     1.5073E+05     1.7457E+05     1.0125E+10     1.0125E+10
    3.9500E+01     0.0000E+00     0.0000E+00     1.6527E+05     4.6023E+05     1.9869E+05     2.3011E+05     1.2172E+10     1.2172E+10
